HR,mBP
-0.4101382840064264,-0.15522105658232277
-0.38205645161290325,-0.1603466432486007
-0.4148579259072581,-0.15519509386660446
-0.3851490636025706,-0.1679825664159671
-0.3825545772429435,-0.1667831193155317
-0.3799482776272681,-0.17316379831798046
-0.3726764802009829,-0.17754238754955687
-0.38039275138608875,-0.17106863752526436
-0.39875165877803675,-0.17967026743722792
-0.36508301765688,-0.1759394175970732
-0.3464167194981729,-0.1722085677569185
-0.3075845779911164,-0.1760198109185518
-0.29935369183940275,-0.17983105408018496
-0.2748396781183058,-0.14786730714105256
-0.25032566439720894,-0.1413140519934507
-0.25884505241147937,-0.13476079684584896
-0.28242000456779237,-0.128207541698247
-0.3145248659195439,-0.132881056372799
-0.3345149870841734,-0.13755457104735114
-0.3590043590914819,-0.14222808572190315
-0.3795035577589466,-0.14690160039645528
-0.3488271159510459,-0.15935740304823542
-0.3567515957740045,-0.15766952286905322
-0.3632546701738911,-0.1552442104662236
-0.33119927683184225,-0.15481370005441542
-0.33463508852066537,-0.15438318964260722
-0.33655535790228075,-0.1372422555192786
-0.36228106098790325,-0.12384420366429572
-0.40175394858083413,-0.11171096118528456
-0.4365117472987021,-0.1089805489155784
-0.3938924727901336,-0.11535963371618474
-0.3892097473144531,-0.11683950851212688
-0.36130572903540825,-0.1259414900594683
-0.36496894590316276,-0.1312551166287702
-0.383880861343876,-0.11969593864175221
-0.4089783699281754,-0.11851767165150806
-0.38437738726215975,-0.11733940466126402
-0.39313285581527213,-0.13205927758667602
-0.5060657993439706,-0.11046573771766166
-0.4009837796611171,-0.15153150416132233
-0.2959017599782636,-0.1532731380431016
-0.3646264845325101,-0.15501477192488078
-0.359983628795993,-0.15675640580666006
-0.48401940253473097,-0.15849803968843934
-0.3821693697283345,-0.1602396735702185
-0.4071182820104784,-0.1619813074519978
-0.4320671942926222,-0.12075623469566232
-0.423223885156775,-0.13658832910642105
-0.4143805760209279,-0.15242042351717977
-0.4055372668850806,-0.14856361546411356
-0.4222233679986769,-0.14470680741104736
-0.4992818524760585,-0.14084999935798126
-0.5277127296693863,-0.13699319130491516
-0.485977049796812,-0.13313638325184907
-0.4661851698352445,-0.12927957519878286
-0.49323611105642007,-0.12542276714571676
-0.5060478333503969,-0.15061927909281714
-0.44056147913778987,-0.15887625774933922
-0.39821378646358363,-0.15540127730488185
-0.41187347904328375,-0.15256154833741453
-0.39692097325478826,-0.15271284568369092
-0.41103276898784025,-0.15185539283562655
-0.4292874490061114,-0.14991471779287158
-0.4353059337985131,-0.15423234778257155
-0.430405032250189,-0.16332962263875928
-0.3865790828581779,-0.17233777402052242
-0.4097168214859501,-0.1681117726795709
-0.35070148591072325,-0.1672303308894978
-0.3110064844931325,-0.16503929024312036
-0.31745344592678937,-0.16834247646047107
-0.3239004073604461,-0.1787216414266558
-0.3696285370857485,-0.18621962817747206
-0.4034621946273311,-0.18763979451121438
-0.3921546936035156,-0.1890599608449568
-0.3713238623834425,-0.19048012717869922
-0.4047401182113155,-0.18893646261924202
-0.405059076124622,-0.1873927980597847
-0.38426713020570813,-0.1858491335003276
-0.37537236367502524,-0.1843054689408704
-0.340376946233934,-0.1827618043814132
-0.3521616535802041,-0.1432681866546175
-0.3785570206180695,-0.12258364549323697
-0.3682686590379284,-0.12018252447074518
-0.351227544969128,-0.11778140344825361
-0.39864410892609625,-0.11538028242576182
-0.4097168214859501,-0.11578870175489742
-0.354432136781754,-0.1161971210840329
-0.34647566272366437,-0.10846364794678953
-0.35854302683184225,-0.10636590606537621
-0.3464167194981729,-0.11620463660700409
-0.3065776209677419,-0.11642873583741453
-0.31147101617628525,-0.10388016582128423
-0.35958050143334175,-0.1085838203999534
-0.3627966603925151,-0.12089037539354008
-0.35582499350270913,-0.1310296509396377
-0.4198481652044481,-0.13542570047710667
-0.4201068262900075,-0.13688739378060866
-0.4056433400800151,-0.13834908708411064
-0.3399006012947329,-0.13981078038761274
-0.3305945857878654,-0.14127247369111473
-0.3065776209677419,-0.14273416699461672
-0.3244508312594506,-0.14419586029811882
-0.3009452819824219,-0.11810894866487875
-0.3268307101341986,-0.09225327221315294
-0.34964789113690775,-0.09361234193615253
-0.36055878669984875,-0.09497141165915224
-0.3180578908612651,-0.09633048138215172
-0.30846429640246975,-0.10550306329679726
-0.2959017599782636,-0.11111503335373907
-0.25618510092458413,-0.12994377174187655
-0.23787873791110126,-0.12593131753342657
-0.20553919064101334,-0.1108375663187966
-0.17319964337092564,-0.10403062810945274
-0.19633340322843174,-0.10452194593439057
-0.2194671630859375,-0.10681683744364112
-0.21903265676190775,-0.11580684529015084
-0.19842763100900962,-0.12000065893676148
-0.24619600849766887,-0.12305279632112875
-0.26695965182396675,-0.1399104180027596
-0.24570969612367688,-0.15572376156327739
-0.195280259655368,-0.1607750280579524
-0.21838046658423638,-0.1485806745083178
-0.25618510092458413,-0.14036051432291663
-0.278211655155305,-0.14268470878031714
-0.25550128567603325,-0.14359871783659828
-0.237245375110257,-0.13831591250291508
-0.3055689411778604,-0.13375247177199934
-0.37363286172190024,-0.14880917677238803
-0.3930785886702999,-0.16941803130344368
-0.3307760915448589,-0.18741975850726833
-0.32193879158266125,-0.1904519304114195
-0.3349956389396421,-0.19992482958741453
-0.3341541905556956,-0.20844394057544313
-0.2770228232106855,-0.2069867641771611
-0.3454735048355595,-0.1965527131189755
-0.36775785876858624,-0.19450917410020208
-0.38437738726215975,-0.2012106672448305
-0.4013259641585811,-0.21176117095188118
-0.37323920957503776,-0.21637896637418375
-0.40802752587103075,-0.2188319875233209
-0.3572722404233871,-0.22017529236143496
-0.3298072814941406,-0.22255953508823068
-0.28854936169039813,-0.22074267638856504
-0.303039796890751,-0.20623543962317314
-0.3807258605957031,-0.1997197089503654
-0.3830523337087324,-0.19917434009153456
-0.3641695822438886,-0.20252269536108525
-0.36508301765688,-0.2028892858704524
-0.4067572316815776,-0.20361973397174282
-0.399611073155557,-0.2102415929386272
-0.3402579522901966,-0.21321614583333337
-0.29935369183940275,-0.2045827077988961
-0.2959017599782636,-0.1847404366108909
-0.319045897453062,-0.1687376866886272
-0.2707107297835811,-0.1554365774885339
-0.21953964233398438,-0.13769865273243154
-0.20172771330802675,-0.13470203405984404
-0.183915784282069,-0.14065024574663576
-0.32193879158266125,-0.14659845743342748
-0.25495356898153987,-0.1525466691202192
-0.248773431265226,-0.15057623564307365
-0.24259329354891201,-0.13454759891946522
-0.23641315583259825,-0.13467602706074122
-0.2302330181162845,-0.13480445520201723
-0.2240528803999705,-0.13493288334329334
-0.21787274268365675,-0.13506131148456935
-0.231018312515751,-0.13585904502552348
-0.28757538334015875,-0.1366567785664775
-0.3389466808688256,-0.13745451210743154
-0.40175394858083413,-0.16153341264867072
-0.4148057506930444,-0.16834346334732586
-0.3935671160298009,-0.17858378092447913
-0.396165294031943,-0.18099966476212692
-0.3691755725491431,-0.1834155485997745
-0.3548387096774194,-0.18583143243742228
-0.34275288735666587,-0.18824731627506985
-0.36176484630953876,-0.19066320011271765
-0.3696285370857485,-0.1842521553608909
-0.39226335094821063,-0.18048611920864432
-0.43414798859627013,-0.16558541824568562
-0.43288630823935237,-0.16964334516382928
-0.41642232095041587,-0.18192431701356504
-0.4046336758521295,-0.18973780390041972
-0.41730671544228826,-0.19422889823344214
-0.4077102907242314,-0.19403430438951075
-0.35075993691721274,-0.19383971054557947
-0.3340940167826991,-0.19364511670164797
-0.3526280310846144,-0.1688113995452425
-0.3731267375330771,-0.1524942122881685
-0.3913382253339214,-0.14795551964299591
-0.41224092052828876,-0.14341682699782343
-0.4271981023973034,-0.13887813435265084
-0.371887945359753,-0.150047947518268
-0.37894698112241687,-0.14268083714727142
-0.377609129874937,-0.14627948210607122
-0.3543740549395161,-0.14925494597325872
-0.3301707852271295,-0.1479032905540656
-0.36496894590316276,-0.13413234729671952
-0.41689066733083413,-0.14088773964649404
-0.4155885019610005,-0.15266464005655322
-0.42356121924615675,-0.15474757863514454
-0.44680097026209675,-0.15683051721373598
-0.47666402016916587,-0.1589134557923274
-0.47889217253654237,-0.16099639437091884
-0.4275554533927671,-0.1471638845567086
-0.44837397913778987,-0.12075145209013527
-0.4337444920693675,-0.09972491667638372
-0.4272491701187626,-0.09698387639439521
-0.3873475597750756,-0.09299518338483359
-0.40175394858083413,-0.0779336198645445
-0.4197963591544859,-0.07511453960665426
-0.400040288125315,-0.07884588289023631
-0.32150871522964974,-0.08109036725551932
-0.29126837945753525,-0.06795080384211749
-0.2999908693375126,-0.04975602638662158
-0.28803007064327113,-0.04042577031833028
-0.2817643688571069,-0.04402608539334574
-0.2770228232106855,-0.030962208610268993
-0.28438285089308213,-0.016470762034553776
-0.246751231531943,-0.029327240749378092
-0.2780797404627646,-0.024302468371035446
-0.29378251106508313,-0.019114100517918176
-0.2401260868195565,-0.027328339382190592
-0.23272262081023187,-0.03223445759483834
-0.2247303378197455,-0.023564580661147416
-0.20482561665196575,-0.01645178344119247
-0.18863665673040575,-0.020949861896571775
-0.13692437448809225,-0.02171667298274249
-0.12843667307207662,-0.0140569127021144
-0.09506890081590225,0.0028703983743392225
-0.078888431672127,0.01330604363436727
-0.09245571013419862,0.009765169513759275
-0.07603688393869712,0.01627664898165415
-0.0831448954920615,0.024163620982003975
-0.064697511734501,0.026177325652013472
-0.04166178549489663,0.019551367308962897
-0.038848384734123,0.030891000927977252
-0.030533206078314,0.03329272293925878
0.004581082251764013,0.035694444950540305
0.022411346435546875,0.011871565633745362
0.07120046307963701,0.017099940361668287
0.06849313551379788,0.025222879539477105
0.07533374909431712,0.033345818717285924
0.1165018389301915,0.04146875789509474
0.09587872412896936,0.01015498982140084
0.10918980260049138,0.03541716770153136
0.08598216887443288,0.035860659471198764
0.05903588571856089,0.036304151240865945
0.05233444706086199,0.008382465115827076
0.08786318379063762,0.002992013200598498
0.08058535668157751,0.0257626813442553
0.056369658439390014,0.03028490057039024
0.09308636573053186,0.03480711979652518
0.13624757336032012,0.0057501342166121905
0.12771040393460176,0.006651886552235142
0.14167305731004287,0.007553638887858316
0.10578475459929426,0.008455391223481268
0.1305074384135585,0.00935714355910422
0.11742044264270413,0.010258895894727393
0.11478214879189763,0.011160648230350345
0.10216854464623237,0.012062400565973519
0.08168374338457651,0.01296415290159647
0.03962190689579126,0.013865905237219422
0.022309457102129615,0.014767657572842596
0.057328378000567115,0.015669409908465548
0.01824422036447837,0.023553269419503975
0.011683433286605371,0.03353198606576502
-0.03574100617439513,0.042880157926189266
-0.014395806097215247,0.054494525662702076
-0.04175543016003025,0.06495408395036528
-0.0741871249291205,0.07371589319029859
-0.10661881969821063,0.07741208811897549
-0.13905051446730088,0.08110828304765239
-0.09923012025894662,0.06933897407493772
-0.07101920343214463,0.05570323431669766
-0.0529017294606855,0.0518694825433379
-0.037155028312437,0.04870400499941696
-0.002652814311365881,0.049197068854944126
0.02721638833322837,0.05485481527907332
0.0276781512844948,0.07702522847189841
0.02813991423576101,0.11487712195856647
-0.07541151969663562,0.1233940504083586
-0.1338050596175655,0.13191097885815073
-0.10969764955582162,0.14042790730794263
-0.08119730795583413,0.14894483575773476
-0.11908795756678425,0.15363900103972328
-0.14942267633253525,0.1478201643151431
-0.12386149744833674,0.12735380106304417
-0.06831667500157512,0.10447442353661374
-0.015075068319997498,0.10637790053638052
-0.009720586961315503,0.1082813775361473
-0.014298715899067505,0.12196403237717668
-0.044651277603641626,0.12619838429920716
-0.0660567745085685,0.13058380582439355
-0.067413576187626,0.12766170976173807
-0.03489131312216487,0.12702767291472328
-0.04558280206495713,0.1314156755286069
-0.084028551655431,0.13602914383162323
-0.0594176015546245,0.1394929648631842
-0.04184907482516376,0.13175698655161683
-0.07182791925245713,0.12963472432758083
-0.04920504170079387,0.14172226635377805
-0.0529940205235635,0.1544350391596705
-0.080398928734564,0.1572269673766582
-0.13306427001953125,0.16001889559364635
-0.15327219809255288,0.16281082381063428
-0.14411409439579137,0.15142245316386815
-0.13495599069902975,0.14817073689171334
-0.15319221250472526,0.14327198237328975
-0.14676358622889363,0.138228079572839
-0.14619827270507812,0.129481832779462
-0.07684006229523688,0.13406017803236403
-0.043158008206275245,0.1386385232852665
-0.031103072627898132,0.1432168685381685
-0.025097016365297375,0.1635224451473103
-0.04474430699502263,0.1738563651469216
-0.070479485296434,0.17690022786458326
-0.08535188244235126,0.17205749815376237
-0.021162094608429993,0.16174862989738803
0.014906360257056495,0.15999394506957398
0.010077199628276245,0.16409119563316232
0.003685489777595752,0.1716662354730254
-0.028820776170299878,0.16283390178016166
-0.004130701864919373,0.1591731588638836
-0.008840745495211744,0.16444601941464554
-0.04920504170079387,0.17319621375544147
-0.0931534305695565,0.17597240239233525
-0.08119730795583413,0.16644955155861307
-0.04175543016003025,0.14901870044309695
0.003089043401902636,0.14262169985035755
0.06342795587355088,0.1477167689385106
0.07078980886808006,0.14364230955681667
0.07815166186260902,0.13956785017512252
0.08551351485713843,0.13549339079342881
0.07743067895212485,0.13756549892140857
0.06934784304711128,0.14829128891674448
0.061265007142097705,0.15859636145444655
0.05318217123708413,0.16582128420398012
-0.025862293858681995,0.1661326849638527
-0.07460674162833925,0.16472781356887434
-0.04259737076297887,0.16053278529228865
-0.001665915212323621,0.15532247818524558
-0.040162732524256506,0.15168223214979792
-0.025862293858681995,0.16637409267140857
-0.08737613308814263,0.16783392607276126
-0.11309617565524188,0.17390707594838317
-0.10611158801663312,0.1739306853185245
-0.11241777481571325,0.17395429468866608
-0.06023936117849038,0.17097670521902208
-0.05077854279548888,0.1679991157493781
-0.046978119880922375,0.16022988694224183
-0.019042107366746497,0.1453622087317319
-0.018945632442351257,0.12631984729671952
-0.028820776170299878,0.11240808287663251
-0.015075068319997498,0.10207340373328666
-0.023659859934160754,0.09017337020949934
-0.014298715899067505,0.08817315299317219
0.01753493278257312,0.08617293577684482
0.06256903371503286,0.08417271856051767
0.08874979326801924,0.08217250134419052
0.05148758426789324,0.08017228412786337
0.11466758481917849,0.078172066911536
0.07631572600333913,0.08268138069418529
0.06665728169102825,0.09741894166860998
0.10025393578314001,0.11427527280589245
0.09744656470514124,0.11206186272413965
0.16300681329542588,0.10984845264238707
0.19542632564421614,0.10763504256063428
0.17856671733240925,0.10542163247888148
0.13519028694398938,0.10320822239712912
0.11112569993542087,0.10099481231537633
0.11834015384797136,0.08777736075481957
0.09834375689106611,0.07411019244597328
0.09130440988848276,0.0655413575433379
0.073699705062374,0.0494280762933379
0.09386727117723037,0.04339346055367699
0.17745454849735376,0.03735884481401586
0.17363505209645913,0.03132422907435495
0.19542632564421614,0.025289613334693817
0.2016290233981224,0.019254997595032686
0.17081205306514624,0.028786047181086794
0.11386662144814763,0.03460245464571665
0.10646463209582913,0.05043090516655013
0.13519028694398938,0.049475462045242447
0.12306964012884314,0.04852001892393498
0.08344441075478826,0.04756457580262752
0.06085401965725801,0.046609132681320053
0.02068082747920874,0.04565368956001237
-0.00028216454290574955,0.03997260488850385
0.16482974636939263,0.03429152021699533
0.10374856764270413,0.028610435545486812
0.11112569993542087,0.022929350873978294
0.099242179624496,0.017248266202469775
0.15599527666645674,0.011567181530961257
0.10216854464623237,0.0058860968594527385
0.113066150296119,0.018412499878537103
0.11215246877362661,0.01639393668862721
0.1266639463363155,0.030821918848142005
0.10104173229586699,0.02968807861470668
0.0710921748991935,0.028554238381271135
0.010077199628276245,0.02742039814783559
0.0074194631268900135,0.026286557914400044
0.004761726625504004,0.025152717680964498
0.0021039901241179937,0.024018877447528952
-0.0005537463772681273,0.022885037214093407
-0.003211482878654248,0.021751196980658083
-0.005869219380040369,0.016849574758045716
-0.008526955881426379,-0.0117034912109375
-0.0111846923828125,-0.039272251413829284
0.03463585146011838,-0.04200151412302322
0.0581817626953125,-0.04473077683221727
0.09386727117723037,-0.0474600395414112
0.12110531714654749,-0.05018930225060525
0.12267885925949273,-0.052918564959799186
0.12425240137243776,-0.05564782766899323
0.125825943485383,-0.05837709037818717
0.12214051523516245,-0.028087027630402717
0.11845508698494212,-0.025773428650552987
0.06332065213111138,-0.02345982967070348
0.021392822265625,-0.02114623069085375
0.005378107870778637,-0.02347215069401254
-0.07254606677639874,-0.025798070697171438
-0.06352730207545787,-0.028123990700330226
-0.054508537374516886,-0.039728948669505826
-0.04548977267357612,-0.05133390663868154
0.016623958464591748,-0.06076900045670086
0.0094757080078125,-0.0671503626885106
0.010077199628276245,-0.08537208974657962
-0.005802154541015625,-0.08815977941105024
0.01996932491179426,-0.09094746907552087
0.015108170047883007,-0.0937351587399915
0.05914269724199839,-0.09652284840446201
0.03370457310830388,-0.09931053806893264
0.002989615163495385,-0.10209822773340327
0.0014017166629913813,-0.08758241264381217
-0.005016080794795874,-0.08411935075598564
-0.031197947840536755,-0.07860143860774249
-0.025192629906439,-0.07811461870943137
-0.07041340489541326,-0.07762779881112014
-0.035248787172379004,-0.07714097891280902
-8.41694493447509e-05,-0.07665415901449779
0.024656849522744384,-0.10843912760416663
0.08146396760017649,-0.10949003979802585
0.06514863044984875,-0.11054095199188518
0.08609267204038562,-0.1115918641857444
0.08697743569650962,-0.11264277637960374
0.08245357390372976,-0.11369368857346296
0.07817397579070051,-0.11474460076732229
0.05658266621251262,-0.11579551296118151
0.04453536002866687,-0.11684642515504085
0.084105706983997,-0.11789733734890007
0.05233444706086199,-0.11299634335645992
0.01834549442414324,-0.09514492661205687
0.0006087518507433831,-0.09017223149389775
0.015815242644279248,-0.07855300523748443
-0.04558280206495713,-0.06833720800295395
-0.055317130140078885,-0.06737405704226263
-0.06505145821520086,-0.06641090608157141
-0.07478578629032262,-0.06544775512087997
-0.015075068319997498,-0.073516845703125
-0.01749653970041587,-0.08405284976484761
-0.03262070686586438,-0.07943976103369865
-0.04259737076297887,-0.08729014230604792
-0.02729526642830138,-0.10454957876632465
-0.013424165787235376,-0.09981363527414999
-0.00481931624873988,-0.09507769178197556
0.01571421469411538,-0.09034174828980102
0.03639824159683713,-0.07696502837375618
0.11101162818170374,-0.08357307092467348
0.11310272832070623,-0.09018111347559077
0.11519382845970894,-0.0753309695874873
0.11728492859871165,-0.060480825699383844
0.11937602873771413,-0.05919897582400491
0.058074951171875,-0.05791712594862597
0.029784664030997998,-0.05663527607324703
-0.028820776170299878,-0.055353426197868094
-0.053638827416204626,-0.054071576322489046
-0.08466314500378025,-0.06183525578892646
-0.031635161369077625,-0.06910456946833221
0.021392822265625,-0.07637388314773785
-0.004917760049143127,-0.07847483241142916
0.045584647886214746,-0.08057578167512047
0.060746962024319506,-0.08267673093881178
0.08764156218497976,-0.08477768020250309
0.08421596404044851,-0.0775474434468284
0.060639904391381005,-0.06971695174032178
0.030608146421370996,-0.060739697508551016
-0.020488246794669873,-0.059377869563316255
-0.06096919890372987,-0.05801604161808149
-0.0589292895409369,-0.05665421367284673
-0.05688938017814393,-0.05529238572761197
-0.054849470815350965,-0.05393055778237721
-0.052809561452557996,-0.06760167363864278
-0.02748612434633313,-0.08463025448927242
0.022207690823462745,-0.09498284942475121
0.021392822265625,-0.09013584320422618
0.16191494849420374,-0.08528883698370138
0.10194310834330889,-0.08044183076317635
0.14546818887033774,-0.06689217790442314
0.14147778700024305,-0.07576952882074006
0.13748738513014835,-0.07451975049071047
0.13349698326005366,-0.07326997216068099
0.12950658138995896,-0.07202019383065139
0.12551617951986427,-0.07077041550062191
0.12152577764976957,-0.06434540250408116
0.11753537577967488,-0.04999341063238494
0.113066150296119,-0.040120898194573984
0.06687311972341226,-0.029361174474308194
0.04874137140089463,-0.02419231661516641
-0.008840745495211744,-0.019023458756024514
-0.04548977267357612,-0.0204748656619248
-0.01739981866651963,-0.02455662969333028
-0.03959975704070062,-0.03932698567708337
-0.031197947840536755,-0.046302150137982
-0.01361859229303175,-0.0547766234744248
0.005278433522870385,-0.05187818739149297
0.02302317465505288,-0.04897975130856136
-0.011087109965662756,-0.04608131522562964
-0.06813603062783513,-0.042022249591884275
-0.02135455223821825,-0.032316141460665415
-0.03498581917055188,-0.014600611444729461
0.0094757080078125,0.016272701434234982
-0.044091624598349255,0.022239495272660115
-0.0937635360225555,0.005409278679842977
-0.043158008206275245,0.005171818519706051
-0.04762834118258563,0.018115826507112853
-0.07173808928458925,0.032363056543454505
-0.07959968813004037,0.030134741939715548
-0.02125832342332412,0.011649212433924028
0.05914269724199839,0.005597014925373234
0.09744656470514124,0.006899250087453401
0.08874979326801924,0.02086514145580698
0.072938242266255,0.02789397737873145
0.057435066469254004,0.027513950025264355
0.08168374338457651,0.026255972942902606
0.08069499846427663,0.030171256753342757
0.0745706865864415,0.0364918874863962
0.02486136651808213,0.048850443825792844
0.02078234764837439,0.045465004384814156
0.043801584551411255,0.04207956494383547
0.016725232524256617,0.03889260363222946
-0.003441349152595752,0.039087893357917514
-0.04166178549489663,0.039283183083605344
-0.03432427683184225,0.028393342127254417
-0.03809627409904237,0.011610192445973277
-0.001665915212323621,-0.002027976572217094
0.03722886116273938,-0.013168486789684408
0.06171109599451863,-0.020165210932641453
0.07185166881930449,-0.023840605322994368
0.10205570344002024,-0.027515999713347283
0.13144179313413562,-0.0311913941037002
0.13530768117597036,-0.034866788494053225
0.08786318379063762,-0.03854218288440614
0.12295396866336938,-0.028353335252448653
0.09041497015183975,-0.024983572129586462
0.07555180211221013,-0.022347976912313383
0.10487919469033513,-0.022089868042599492
0.12689627370526724,-0.019427399137126877
0.1231854346490675,-0.01096393338483359
0.07795518444430449,0.004397188253070672
0.16179373956495713,0.005013954580126656
0.134368896484375,0.005630720907182862
0.11926084949124238,0.001304987058117657
0.08080488635647676,-0.0030207467909476593
0.07033317319808474,-0.007346480640012865
0.13813068020728325,-0.01167221448907807
0.17179304553616426,-0.03236594128964554
0.19441789196383574,-0.029191553296141315
0.1562359717584425,-0.026017165302637202
0.28921927175214224,-0.02284277730913309
0.29259343301096274,-0.019668389315628865
0.3016534620715725,-0.01649400132212475
0.241271480437248,-0.013319613328620528
0.26485455420709436,-0.010145225335116415
0.2643767941382624,-0.0069708373416123015
0.2638990340694305,0.018825701813199647
0.2930636252126386,0.021494974544392198
0.32222821635584675,0.021584447014061592
0.3495474784604964,0.021673919483730986
0.3228225297825309,0.02176339195340038
0.29609758110456585,0.02185286442306955
0.26937263242660037,0.021942336892739167
0.3029347081338205,0.02203180936240834
0.32835991151871213,0.022121281832077733
0.196562244046119,0.022210754301747127
0.1446365848664315,0.0223002267714163
0.13132489112115686,0.006848463371618374
0.13331394810830388,0.004997149035705251
0.17745454849735376,0.003145834699792127
0.1370709326959425,0.0012945203638787817
0.20685355894027224,-0.0005567939720343418
0.25832330026934214,-0.0024081083079475762
0.229647236485635,-0.004259422643860811
0.234647935436618,-0.006110736979773934
0.1956787109375,-0.007962051315687169
0.21481507824313262,0.004687788474619037
0.15599527666645674,0.022339474502487633
0.194669908092868,0.020946341367503285
0.07196032616399939,0.019553208232518937
0.042463938395182144,0.01816007509753481
0.041991520953434724,0.016766941962550463
0.041519103511687305,0.015373808827566338
0.041046686069939664,0.01398067569258199
0.04057426862819202,0.012587542557597864
0.040101851186444604,0.011194409422613516
0.039629433744697184,-0.00975583204582553
0.039157016302949765,-0.009505795404488038
0.038684598861202124,-0.009255758763150324
0.06935845651934214,-0.007093255594990411
0.14951976653068288,-0.00493075242683072
0.16397845360540564,-0.0027682492586708074
0.22859794862808713,-0.0006057460905108947
0.22429417025658394,0.001556757077648907
0.21999039188508074,0.0037192602458087087
0.22735017345797637,0.0058817634139685104
0.234709955030872,0.008044266582128312
0.24206973660376763,0.01179585048532239
0.21908261699061238,0.015547434388516468
0.15792366766160537,0.019299018291710546
0.06579479094474538,0.023050602194904624
0.05914269724199839,0.0268021860980987
0.074461660077495,0.030553770001292557
0.12214476062405488,0.034305353904486635
0.135073015766759,0.033605606138146005
0.14928091725995474,0.032905858371805596
0.10737216088079626,0.03220611060546519
0.12202908915858113,0.03150636283912478
0.11765030891664563,-0.00018340912624381644
0.14641977125598538,-0.0056988161001632065
0.2293846376480595,0.001516921010183525
0.1455870597593245,0.007440291826997791
0.12689627370526724,0.003107251219488516
0.13718869609217488,-0.009109572984685954
0.18639299946446575,-0.008960325326492491
0.17068973664314524,0.00010878529714708485
0.15119368030178926,0.011046831880635821
0.06762855283675662,0.0076997671554337455
0.08245357390372976,0.010070193466262367
0.06946674469978587,0.0015163896095693463
0.09119329144877764,-0.00016313998853390022
0.13132489112115686,-0.010236901430348277
0.09487238237934736,-0.01769814562441696
0.08852804860761099,-0.022042801131063383
0.17745454849735376,-0.029864562684623785
0.09041497015183975,-0.027205813583449978
0.193662335795741,-0.01128171095207553
0.08609267204038562,-0.0006669836850902167
0.02486136651808213,0.0006049616419854242
0.02184599189348102,-0.00405375162760413
0.018830617268880356,-0.010865624271222063
0.015815242644279248,-0.02379186829524249
0.07550276479413442,-0.042036521494092094
0.13519028694398938,-0.04748831222306438
0.1494002803679435,-0.04850784225843441
0.08421596404044851,-0.04846570978117226
0.07359080160817788,-0.04674055564462842
0.14665775914346013,-0.0406963291452892
0.20277318646830889,-0.05445755536283425
0.229647236485635,-0.06318717690842657
0.18639299946446575,-0.06662435199490824
0.21443622343001834,-0.06659717464921489
0.24247944739557092,-0.060797544261116276
0.21791655017483613,-0.056439907396610645
0.24206973660376763,-0.05130293357431592
0.21288213422221514,-0.04496977696964399
0.237821025233115,-0.043835236658504306
0.1562359717584425,-0.05204833680717502
0.1594999374881867,-0.04237730111648785
0.16276390321793088,-0.025933109112639907
0.13331394810830388,-0.027766479188530035
0.06579479094474538,-0.029599849264420053
0.038892930553805494,-0.03143321934031018
-0.007326925954511121,-0.0332665894162002
-0.014167560044155203,-0.03509995949209033
-0.021008194133799618,-0.036933329567980455
-0.02784882822344381,-0.03876669964387047
-0.034689462313088004,-0.0406000697197606
-0.04153009640273231,-0.04243343979565062
-0.0483707304923765,-0.04426680987154075
-0.01826969269783263,-0.04333161227013793
0.021392822265625,-0.04239641466873523
0.05222837386592749,-0.04146121706733252
0.0659027099609375,-0.04052601946592993
0.06665728169102825,-0.039590821864527115
0.11661664901241187,-0.03865562426312441
0.11283763762443288,-0.03772042666172171
0.08385910526398699,-0.03678522906031911
0.05488057290354087,-0.03585003145891641
0.05064145980342749,-0.0198328578056981
0.06762855283675662,-0.012052773243159232
0.07718966084141887,-0.014884179234774253
0.04979644283171614,-0.017715585226389274
-0.01807649673954137,-0.020546991218004518
-0.03289887212937881,-0.02337839720961954
-0.04772124751921625,-0.02620980320123456
0.006175994873046875,-0.029041209192849693
-0.011282151745211744,-0.031872615184464714
0.12202908915858113,-0.034704021176079736
0.02649897913778987,-0.03753542716769498
-0.005016080794795874,-0.04036683315931
-0.028153696367817505,-0.04319823915092502
0.09767064740580889,-0.036048319802355455
0.12492284467143389,-0.028898400453785777
0.12110531714654749,-0.02783802848550221
0.15503286546276462,-0.03051791431722528
0.1588894013435609,-0.03319780014894824
0.047458894791141626,-0.035877685980671425
0.07974858437815024,-0.0385575718123945
0.11203827396515886,-0.04123745764411768
0.174532490391885,-0.04391734347584064
0.1851056006646925,-0.046597229307563715
0.1956787109375,-0.027975813073305322
0.17056717411164324,-0.025350817400424663
0.13249440346994712,-0.022725821727543893
0.06428786247007312,-0.020100826054663234
0.099242179624496,-0.017475830381782465
0.04035174462103064,-0.014850834708901806
0.147610572076613,-0.012225839036021036
0.167754634734123,-0.009600843363140377
0.1285251494376891,-0.00929818857170861
0.0798172489289315,-0.008995533780276621
0.024043913810483764,-0.008692878988844854
0.057221935641381005,-0.03448577425373134
0.052122669835244384,-0.049096596181689156
0.180423613517515,-0.048446408551723774
0.13144179313413562,-0.04779622092175839
0.213010726436492,-0.03862599235268971
0.1305074384135585,-0.047261480075209916
0.15311099636939263,-0.05410971570370804
0.15719998267389124,-0.05843396289629332
0.19947199667653726,-0.06275821008887861
0.169587904407132,-0.062200796149460946
0.19078476198257932,-0.06164338221004351
0.1749579214280652,-0.03755354999902827
0.15913108087355088,-0.03597377188763218
0.10567166728358113,-0.021813236065764907
0.003685489777595752,-0.020494724862017977
-0.07029945619644662,-0.019176213658271046
-0.11170584155667218,-0.017857702454524338
-0.1157226716318438,-0.016539191250777407
-0.11973950170701553,-0.015220680047030477
-0.12375633178218715,-0.04041749565162467
-0.12777316185735887,-0.036222391460665415
-0.10138788530903475,-0.033738624990282906
-0.10961261872322325,-0.05671160493917138
-0.04548977267357612,-0.05561190932544313
-0.04548977267357612,-0.054512213711714885
-0.007440813126102563,-0.05341251809798664
0.030608146421370996,-0.03295108928016166
-0.0111846923828125,-0.027266620996579616
-0.0181732177734375,-0.021292463463930322
-0.022027538668724755,-0.025846452855352142
-0.055202730240360376,-0.030400442246773962
-0.06096919890372987,-0.03495443163819578
-0.083940198344569,-0.03950842102961749
-0.06397161176127775,-0.05521472532357741
-0.03422989383820563,-0.07087555690784364
-0.0181732177734375,-0.08664904542230256
-0.022027538668724755,-0.0897181117119481
0.004481530958606372,-0.09192410748989432
0.014200149043913868,-0.09492932979147228
0.06171109599451863,-0.09702350369733359
0.07230239375945069,-0.10225575005830223
0.08289369152438253,-0.109082957405356
0.09348498928931459,-0.11378661198402518
0.07586953563074927,-0.11690942565007001
0.058254081972183736,-0.1105968418406017
0.0406386283136182,-0.09980789108655941
0.02302317465505288,-0.09280456239311252
-0.05428326514459425,-0.09619345593808304
-0.0024554344915574955,-0.09796856173235391
-0.05003849152595763,-0.10387879936256217
-0.01594777261057212,-0.10198405251574161
-0.057404918055380505,-0.11044653138117999
-0.057313242266255005,-0.10807238526605256
-0.045396620227444506,-0.10505114503167756
-0.030342963434034753,-0.09402526551811252
-0.020584475609564,-0.07957177612912003
-0.06251747377457162,-0.06281337453358204
-0.08667275213426162,-0.04158627334518816
-0.14084440662014874,-0.034721943869519545
-0.15126997424710187,-0.029702030011077407
-0.09931662774855088,-0.03256999912546643
-0.08464640955771174,-0.04364142726309861
-0.03875449395948838,-0.04961011896085976
-0.053638827416204626,-0.05106031123678478
-0.04334480531754037,-0.050429614622201524
-0.03205194780903475,-0.05850508201181592
-0.014395806097215247,-0.052920592958061285
-0.0529017294606855,-0.033803987265819346
-0.06524153678647937,-0.0189994698140159
-0.04688521354429187,-0.02605935471567944
-0.004130701864919373,-0.029930152703280477
0.017433535668157862,-0.0294846871599036
-0.007273889357043872,-0.017313183836676016
-0.00795979653635337,-0.01566887850785137
0.032981011175340136,-0.029389035049362522
0.057221935641381005,-0.0272674560546875
0.07620657643964224,-0.006927034748134275
0.033911551198651635,-0.0041578808431799175
-0.02824906379945813,-0.0013887269382255596
-0.029677483343308997,0.0013804269667287983
0.007773983863092138,-0.010598026104827407
0.03546474825951362,-0.01373799641927087
0.0013024114793347419,-0.00987866150205996
-0.03790824644027213,-0.013413690215912655
-0.04250384915259575,-0.03052281621676778
-0.05252141337240901,-0.0396937533199887
-0.06253897759222216,-0.03860948097646533
0.06752075687531511,-0.037525208632942175
0.07665233348371792,-0.0364409362894188
0.08578391009212072,-0.03535666394589554
0.09491548670052374,-0.02540983133648167
0.10404706330892677,-0.011627804580612522
0.11317863991732979,-0.00778706868489587
0.1223102165257326,-0.007464442087050105
0.13144179313413562,-0.0071418154892043395
0.022411346435546875,-0.011115703614394623
-0.0062836062523626834,-0.015089591739584907
-0.03497855894027213,-0.01906347986477519
-0.06367351162818169,-0.023037367989965474
-0.051260948181152344,-0.031307770838191806
-0.038848384734123,-0.06654820987834265
0.030402275823777636,-0.06803354466960576
0.05658266621251262,-0.06951887946086877
0.054668180404170874,-0.07100421425213177
0.027934658911920263,-0.07248954904339477
0.05148758426789324,-0.07397488383465789
0.02302317465505288,-0.0754602186259209
0.11215246877362661,-0.0769455534171839
0.07795518444430449,-0.0784308882084469
0.02383951986989663,-0.07991622299971002
0.01824422036447837,-0.08140155779097291
0.013293235532699121,-0.08288689258223603
0.057435066469254004,-0.08437222737349903
0.10216854464623237,-0.08585756216476215
0.03806034211189524,-0.07265931694068717
-0.019717308782762122,-0.0594610717166123
-0.06975912278698337,-0.041183775337181316
-0.054960927655619995,-0.02936071898806747
-0.040162732524256506,-0.03398868693641166
-0.036495577904485876,-0.0401083723229555
0.0125885009765625,-0.044976609263254086
0.06676520070722036,-0.04971860060051303
0.09498399303805449,-0.04963069175606338
0.09666209067067788,-0.042293112076337014
0.073699705062374,-0.03539629124883392
0.054668180404170874,-0.024120501617887147
0.058928951140373,-0.01934073813519077
0.03795648390246975,-0.014560974652494396
0.026293969923450122,-0.01683915551029036
0.006175994873046875,-0.019117336368086324
-0.04184907482516376,-0.021395517225882288
-0.07254606677639874,-0.023673698083678252
-0.07929028746902289,-0.025951878941474216
-0.08603450816164737,-0.02823005979927029
-0.09277872885427163,-0.030508240657066255
-0.09952294954689589,-0.05106516975668529
-0.10626717023952037,-0.0727586129411536
-0.11301139093214463,-0.08718014237892568
-0.09871132143082162,-0.09570327682874691
-0.04390495054183463,-0.10422641127856813
-0.023659859934160754,-0.10931950659301148
-0.0009742244597403804,-0.10805401398767878
-0.005016080794795874,-0.10542244223219843
0.005378107870778637,-0.09787253004994556
-0.07684006229523688,-0.09828960361765393
-0.04911250452841487,-0.07707548378711904
-0.05142531856413812,-0.0839066386815921
-0.064697511734501,-0.09073779357606504
-0.02805832893617688,-0.09756894847053799
0.03951780257686499,-0.08872097641674437
0.000509815831338134,-0.08677961814462842
-0.01594777261057212,-0.08483825987251248
-0.017303220687374,-0.11309677807252794
-0.059509031234249,-0.11291298937441696
-0.016722648374495996,-0.11363475287138525
0.045479682184034864,-0.11435651636835353
0.057221935641381005,-0.11507827986532193
0.10003957440776201,-0.1158000433622901
0.14285721317414324,-0.11652180685925839
0.14716751344742307,-0.11724357035622668
0.15147781372070312,-0.11796533385319485
0.15578811399398318,-0.11868709735016325
0.160098414267263,-0.11940886084713154
0.14384620420394412,-0.12013062434409982
0.127593994140625,-0.09922653881471544
0.11409538022933474,-0.0993623875859958
0.073699705062374,-0.1023281181460165
0.09498399303805449,-0.10529384870603731
0.058288328109249,-0.108259579266058
-0.021546886813256005,-0.11122530982607892
-0.013632825625840006,-0.11419104038609973
-0.005718764438424118,-0.11715677094612043
0.002195296748991993,-0.12012250150614112
0.029064670685798877,-0.13086248748931129
0.03050527264994951,-0.1404311906045942
0.02957891648815525,-0.14313594381607586
0.08841717627740686,-0.1315645436149332
0.058288328109249,-0.12385695727903456
0.047372018137285865,-0.12552054485871422
0.04264991514144412,-0.12927276459499382
0.06504095754315786,-0.13434559077172725
0.070983640609249,-0.1348665911166822
0.08344441075478826,-0.13629324993683922
0.11891543480657751,-0.14056077644006526
0.1285251494376891,-0.1431250121462998
0.14844537550403225,-0.14312136825637434
0.17581894577190438,-0.1473987636281483
0.1718315890185722,-0.14880636794057056
0.16784423226524003,-0.1479139944807214
0.16385687551190786,-0.1373937046943019
0.167754634734123,-0.12184780747143187
0.15311099636939263,-0.11018401947780632
0.03639824159683713,-0.10602489869986009
0.061496734619140625,-0.09723872094605102
0.06246172997259314,-0.09246120168201954
0.12122061944776963,-0.09320728814423973
0.04045609504945813,-0.09161323813063593
0.13039065945533013,-0.07987406716417911
0.11032805904265364,-0.0662184378400964
0.079927013766381,-0.07178387238611628
0.10104173229586699,-0.08182172632929108
0.0868668094758065,-0.05855518549828975
0.12295396866336938,-0.02316360094060943
0.045479682184034864,-0.015291356328708039
-0.0010731604791456295,-0.007419111716806537
0.04726668327085437,-0.007032024326609099
0.09587872412896936,-0.006644936936411661
0.07795518444430449,-0.0062578495462142225
0.04369674190398176,-0.005870762156016784
0.019867681687878003,-0.005483674765819346
0.055624808034589135,-0.02934583977087224
0.047898323305191504,-0.034952495821672924
0.1727748993904359,-0.028082320939249117
0.06342795587355088,-0.018603804099619037
0.12399562712638601,-0.030722319190181868
0.12122061944776963,-0.0361117083041822
0.12492284467143389,-0.026953701949238185
0.09565488753780249,-0.01261825941095307
0.06418031261813262,-0.009090062990710468
0.02813991423576101,-0.021243726436178445
0.08421596404044851,-0.03464238560614896
0.03370457310830388,-0.04205815709052396
0.13237725534746714,-0.04194815716340172
0.053924806656376,-0.04337527146979947
0.03972613426946814,-0.05775709769025961
0.07555180211221013,-0.07020363878847946
0.07380836240706912,-0.07723619451570274
0.12864168228641626,-0.07054973241701645
0.08786318379063762,-0.066124607674518
0.012487965245400634,-0.06802618681494865
-0.023659859934160754,-0.07302325044698388
-0.0266268330235635,-0.07959477818427396
-0.0018632950321320063,-0.08878854020911064
0.08852804860761099,-0.09475146241449006
0.14262008666992188,-0.09138925277178556
0.07022476196289062,-0.08802704312908116
0.073699705062374,-0.08364534140819346
0.02057906120054187,-0.07508880463405632
-0.001665915212323621,-0.06266685979283271
-0.05501888644310737,-0.06363583085548818
-0.009720586961315503,-0.06410528534087379
0.016623958464591748,-0.07220481758687036
0.06085401965725801,-0.07362843983208955
0.03546474825951362,-0.07355859860851988
0.11742044264270413,-0.06911206601270992
0.0868668094758065,-0.06424511961675994
0.08941539641349538,-0.06104198854361009
0.08874979326801924,-0.05255180093186407
0.0914156513829385,-0.05283469584450795
0.04056032242313501,-0.05311759075715172
0.0125885009765625,-0.053400485669795605
-0.008840745495211744,-0.05368338058243938
-0.004130701864919373,-0.05396627549508315
-0.015850928521925378,-0.05424917040772703
-0.03422989383820563,-0.06658593932194501
-0.023563877228767627,-0.07651591894045395
-0.01807649673954137,-0.08986994045883867
-0.0032443384970387568,-0.09704506337939212
0.010177489249936889,-0.1010178902849036
0.047161348404422876,-0.10395266404792447
0.06935845651934214,-0.10187579861920859
0.07904987950478826,-0.09299662575792911
0.055624808034589135,-0.09011324602573068
0.12565175948604468,-0.08738328924226524
0.15592402796591487,-0.0965998255791356
0.18619629644578506,-0.08148975277421489
0.17671388195407012,-0.07779740417379244
0.06935845651934214,-0.07410505557337022
0.09946687759891626,-0.08343260402900865
-8.41694493447509e-05,-0.09276015248464708
0.06838497038810476,-0.11310900028665272
0.09677419354838701,-0.1296738961442786
0.11398081625661538,-0.13125237286641567
0.15035641577936,-0.13283084958855285
0.13601253878685737,-0.1344093263106898
0.149874041157384,-0.13598780303282698
0.16373554352791087,-0.13756627975496405
0.18439865112304688,-0.13914475647710112
0.1588894013435609,-0.14072323319923818
0.16592542586788062,-0.12793401461928633
0.1764672802340599,-0.11535879865807686
0.193662335795741,-0.11229791214217
0.11215246877362661,-0.10923702562626325
0.099242179624496,-0.1061761391103564
0.07533374909431712,-0.10311525259444965
0.12387995566091226,-0.10433663894881062
0.06665728169102825,-0.10700297948732895
0.10930362824470774,-0.10576276636835358
0.07817397579070051,-0.11826343441483989
0.066010259812878,-0.13864112967875464
0.09130440988848276,-0.13957629986663367
0.11112569993542087,-0.1405114700545126
0.25818769393428687,-0.13874114053957098
0.22324088311964463,-0.1369708110246295
0.17375786073746213,-0.1352004815096879
0.15804426131709937,-0.13343015199474628
0.1765907041488155,-0.1316598224798048
0.18714517162692168,-0.12988949296486318
0.19769963910502764,-0.11607140688160755
0.196562244046119,-0.1079374095100668
0.196562244046119,-0.11064436423837842
0.227419207173009,-0.11052350855585358
0.19454402308310237,-0.09585260040131371
0.2452698984453756,-0.09399991011738185
0.165803478610131,-0.09214721983344998
0.131558818201865,-0.090294529549518
0.10828042799426663,-0.08844183926558613
0.10669154505575862,-0.08658914898165426
0.13978182884954626,-0.08421348457905786
0.15997732839276724,-0.08615605748114896
0.1916507597892516,-0.08809863038324006
0.18651790003622737,-0.09004120328533116
0.10850758706369712,-0.09198377618742226
0.1726519676946825,-0.10135183761368938
0.1765907041488155,-0.10625195859083492
0.2096702821793095,-0.09744012177880135
0.2737757775091356,-0.09353948944243629
0.15611574726720012,-0.10065221074801778
0.18141568091607874,-0.10841187434409982
0.16373554352791087,-0.10766320679318253
0.19139972809822337,-0.10722168879722482
0.19957425517420613,-0.10316778534087379
0.2077487822501891,-0.10827340652693562
0.24982341643302663,-0.10822535272854472
0.268400130733367,-0.11926315079874072
0.28697684503370713,-0.13142789774273167
0.28125566051852324,-0.136034230094644
0.23417647166918676,-0.136064747672769
0.1870972828198505,-0.136095265250894
0.140018093970514,-0.13532808543776642
0.14832601239604326,-0.13456090562463907
0.13613017912833913,-0.13202515949826754
0.15119368030178926,-0.129489413371896
0.196562244046119,-0.1269536672455247
0.20979850522933474,-0.12441792111915317
0.14832601239604326,-0.12188217499278164
0.0659027099609375,-0.11934642886641011
0.08185253348401789,-0.09343480352145528
0.0978023570070985,-0.07910588961928633
0.11375218053017888,-0.07172503874669622
0.07380836240706912,-0.07448809419698388
0.13613017912833913,-0.0708934726999767
0.1266639463363155,-0.07217657743994865
0.1666566171953756,-0.07101129180756371
0.18141568091607874,-0.07181325124863958
0.18839226999590464,-0.06309691471840018
0.1987120105374245,-0.05312146239019744
0.15695879536290325,-0.053402064688763295
0.2067259511639994,-0.05368266698732893
0.15407131564232612,-0.05396326928589479
0.11569878362840225,-0.054243871584460424
0.11112569993542087,-0.05452447388302628
0.10014146374117949,-0.05480507618159214
0.033911551198651635,-0.055085678480157774
0.06925016833889863,-0.05536628077872363
-0.00018322852350050045,-0.055646883077289266
-8.41694493447509e-05,-0.055927485375855124
0.04202258202337439,-0.07147816520425221
0.044118758170835326,-0.0941761073781483
0.046214934318296264,-0.10687711345615669
0.036294383387411866,-0.10769147540799417
0.02486136651808213,-0.10850583735983166
0.09319797638923899,-0.10932019931166914
0.08498813259986138,-0.11013456126350674
0.0877523114604335,-0.11094892321534422
0.08874979326801924,-0.1117632851671817
0.07120046307963701,-0.11257764711901919
0.18153972010458674,-0.11339200907085667
0.10930362824470774,-0.11125873926267105
0.12226018598002764,-0.10462321570856659
0.10567166728358113,-0.09989420572916663
0.10104173229586699,-0.08789373748931129
0.09576674430601062,-0.08400100024778456
0.07555180211221013,-0.0859011370151197
0.20481109619140625,-0.08771328902363185
0.15119368030178926,-0.07639217851173818
0.09308636573053186,-0.04860729008764775
0.09677419354838701,-0.04774027202852926
0.08344441075478826,-0.06600640899506371
0.05999792775800161,-0.07262986216379042
0.18464771393806712,-0.056595152290306316
0.213010726436492,-0.04454374550586904
0.1474915781328756,-0.03663445467972637
0.1435684696320565,-0.03377179957147858
0.18639299946446575,-0.05133504535428324
0.15323109780588462,-0.04602696053424282
0.1653428231516192,-0.032392435405977915
0.17745454849735376,-0.025287191666180764
0.23056608630764863,-0.018181947926383724
0.1875169815555695,-0.03380907352884022
0.23056608630764863,-0.037033005140314046
0.2422028818438131,-0.031034555008162323
0.26280839981571313,-0.034763393117420716
0.266084486438382,-0.02977703341204141
0.2218931259647492,-0.018833065507423807
0.17770176549111638,-0.02115782932262511
0.09834375689106611,-0.023482593137826524
0.09078394982122595,-0.04460834863767105
0.08322414275138601,-0.05815534449335358
0.11101162818170374,-0.057128982164373454
0.06773659490769912,-0.06476050229807995
0.07120046307963701,-0.08506615482159519
0.08333415369833674,-0.08953720776002794
0.11112569993542087,-0.0940082606984608
0.16179373956495713,-0.09847931363689366
0.18365195489698838,-0.10295036657532652
0.19947199667653726,-0.10742141951375928
0.19139972809822337,-0.11189247245219214
0.17517938921528486,-0.1086536995807097
0.15895905033234636,-0.10541492670922725
0.14273871144940786,-0.0991738542395445
0.12503863919165825,-0.08751940371385258
0.0728294618668095,-0.07931176940007001
0.0710921748991935,-0.07609607449811484
0.03785237958354326,-0.07288037959615978
0.03143273630449839,-0.07332394728020053
0.014906360257056495,-0.07844847114525033
-0.006587366903981873,-0.08321733617070892
-0.005016080794795874,-0.09437697681028456
0.028037409628591137,-0.10581658965912621
0.02957891648815525,-0.11693030210276745
0.06925016833889863,-0.12061222512923664
0.09219495711788062,-0.12661363592195274
0.024656849522744384,-0.1303675257744481
0.19542632564421614,-0.11256575703027827
0.11112569993542087,-0.10338315441833801
0.14262008666992188,-0.11233558464999227
0.08157385549237661,-0.11067715924770682
0.17449594313098538,-0.09602796260397228
0.0745706865864415,-0.08098120238650497
0.02486136651808213,-0.09309364432719214
0.05403100290606089,-0.10783044615788251
0.08587178876323076,-0.12310525315317944
0.12202908915858113,-0.13026268802472019
0.06687311972341226,-0.12530058296165658
0.13878490078833794,-0.12033847789859298
0.21069668185326362,-0.11095121013584419
0.17757809546686,-0.1102776978146377
0.18265718029391387,-0.11130443971548509
0.15035641577936,-0.09107842136971389
0.20762080530966487,-0.08252580683820476
0.167754634734123,-0.07397319230669563
0.14832601239604326,-0.06542057777518662
0.165803478610131,-0.05686796324367738
0.1562359717584425,-0.05623561338273897
0.14653876519972275,-0.05560326352180078
0.10386165495841726,-0.054970913660862375
0.06342795587355088,-0.05433856379992408
0.08509863576581411,-0.05370621393898567
0.09767064740580889,-0.05307386407804726
0.1726519676946825,-0.06319157994208646
0.0877523114604335,-0.06140577022115978
0.08432609804214963,-0.08665056370977142
0.12399562712638601,-0.08619285697367651
0.10025393578314001,-0.0857351502375816
0.18141568091607874,-0.0852774435014867
0.13883787585842988,-0.08481973676539178
0.17770176549111638,-0.08333048654432917
0.19039609355311238,-0.08184123632326645
0.21481507824313262,-0.08523551978875155
0.13978182884954626,-0.07949768370063748
0.15175868618872856,-0.0737598476125233
0.16373554352791087,-0.04640007967972637
0.17252928210842988,-0.05018452506753346
0.12018252957251763,-0.05396897045534044
0.14653876519972275,-0.05108460383628732
0.14179143598002764,-0.05312787715475353
0.17056717411164324,-0.055171150473219854
0.07817397579070051,-0.057214423791686064
0.015916147539692505,-0.059257697110152385
0.04799492128433713,-0.0667818743198072
0.08007369502898176,-0.08519012299343132
0.11215246877362661,-0.08572380103875155
0.04369674190398176,-0.07283099729623366
0.023125187043220752,-0.05993819355371577
0.06925016833889863,-0.0618333199724036
0.0581817626953125,-0.07877467520794468
0.061496734619140625,-0.11607201419659519
0.07894048383159014,-0.11439768473307288
0.12945741222750762,-0.11272335526955068
0.09386727117723037,-0.10533483704524249
0.09744656470514124,-0.11617024739583337
0.113066150296119,-0.1173135558171059
0.15719998267389124,-0.11845686423837842
0.17548111946352063,-0.11960017265965095
0.1896674248480028,-0.11635683543646513
0.203853730232485,-0.11311349821327932
0.14951976653068288,-0.1098701609900935
0.19769963910502764,-0.10662682376690769
0.09487238237934736,-0.10612594073091575
0.10828042799426663,-0.09535839783018496
0.10216854464623237,-0.08907519288324006
0.12969060097971274,-0.08926421967311882
0.11765030891664563,-0.09240821344935479
0.17449594313098538,-0.0964941527712998
0.2067259511639994,-0.09211708182719214
0.22728839997322337,-0.09137585388487246
0.273500011813256,-0.08945392969235855
0.24020841044764363,-0.08660569831506526
0.25197441347183713,-0.08353063478991762
0.26471784037928425,-0.08107715815453975
0.227419207173009,-0.07758965183846389
0.30736221805695574,-0.07231443794212533
0.27903304561491926,-0.06520027426344843
0.28236930601058474,-0.06275810886971389
0.23888126496345774,-0.06158128425256526
0.3062174397130166,-0.056437629965407354
0.260495093560988,-0.05605784806841452
0.23359274095104587,-0.05567806617142157
0.21791655017483613,-0.05529828427442862
0.180423613517515,-0.054918502377435785
0.2791717283187374,-0.05453872048044295
0.2067259511639994,-0.05415893858345
0.2517051696777344,-0.05546266166724967
0.23689429990706912,-0.06384823927238803
0.364046404438634,-0.07474779726854008
0.3470030753843245,-0.09386690813510568
0.3567689464938255,-0.0936220842807447
0.355410668157762,-0.09337726042638372
0.359037091655116,-0.09313243657202275
0.31642643097908274,-0.09288761271766166
0.336303957047001,-0.09264278886330068
0.3874695070328251,-0.09239796500893971
0.304075179561492,-0.09215314115457862
0.34834917130008813,-0.09190831730021765
0.3899691181798135,-0.09166349344585667
0.35179827290196575,-0.088849803108481
0.2969706135411416,-0.0821966674197373
0.3715339168425529,-0.06714929988728235
0.37015422697990163,-0.06663234549726771
0.22324088311964463,-0.06611539110725317
0.3052172507009199,-0.06559843671723842
0.21791655017483613,-0.06508148232722377
0.16470804522114424,-0.06456452793720924
0.12900171997726617,-0.06404757354719459
0.12919246167692244,-0.06569920883052194
0.1293832033765785,-0.06735084411384906
0.129573945076235,-0.06900247939717641
0.13103417427309094,-0.07065411468050375
0.13249440346994712,-0.07529931519162003
0.1361381161597468,-0.09085067824937809
0.13978182884954626,-0.11197575051986164
0.15431797888971155,-0.1131397923244356
0.1688541289298766,-0.11430383412900935
0.19240459319083913,-0.11546787593358332
0.24433542067004788,-0.11663191773815718
0.19240459319083913,-0.11779595954273103
0.27695415865990425,-0.11896000134730489
0.2636262216875631,-0.12012404315187886
0.25845890660439763,-0.12128808495645282
0.2566997158911921,-0.12245212676102657
0.2549405251779864,-0.12361616856560054
0.23477997318390886,-0.1247802103701744
0.24206973660376763,-0.12594425217474825
0.2432684129284275,-0.1271082939793221
0.27132415771484375,-0.11717072292346864
0.29937990250126,-0.10517807386407807
0.15611574726720012,-0.07744032826589708
0.1588894013435609,-0.0759232965472525
0.14992633942634837,-0.07440626482860768
0.14096327750913562,-0.07288923310996287
0.16495132446289062,-0.07206555425033445
0.167754634734123,-0.07124187539070592
0.16470804522114424,-0.0704181965310775
0.141909691595262,-0.06959451767144909
0.16571426391601562,-0.06877083881182056
0.18951883623676924,-0.06794715995219214
0.20074007588048137,-0.08268031789295704
0.24433542067004788,-0.07055489459441078
0.198458763860887,-0.06976314563656327
0.18651790003622737,-0.06897139667871577
0.16592542586788062,-0.09911972729127794
0.24206973660376763,-0.12007505502273785
0.26923542637978826,-0.11568143474521919
0.30850810389364924,-0.10047381197042138
0.27709247219947075,-0.10437634216612246
0.28028266660628787,-0.11729947370083182
0.2549405251779864,-0.12149655166550066
0.30736221805695574,-0.10823066673468595
0.24740982055664062,-0.09589579567980411
0.2233711981004285,-0.09251365851407023
0.21791655017483613,-0.09331296095207553
0.25278239096364663,-0.096330860954019
0.28014373779296875,-0.10324415520055974
0.2244139640561995,-0.10187982208100121
0.24446868896484375,-0.10753589838891475
0.31772859634891626,-0.11230438384250618
0.27019660703597537,-0.10674031575520837
0.29854651420347156,-0.10414700484394435
0.32689642137096775,-0.11648035761135722
0.3761478547127015,-0.12692761777052242
0.3531512598837576,-0.1354755003060868
0.3015110877252394,-0.13903838959499382
0.3519482766428301,-0.13059648352475905
0.28139483544134314,-0.13079887124436407
0.28264777891097537,-0.14149414366157498
0.266084486438382,-0.14320671770194782
0.23280223723380788,-0.14491929174232077
0.32455936554939524,-0.1466318657826936
0.26280839981571313,-0.14834443982306666
0.3557122753512474,-0.1500570138634395
0.32135563512002263,-0.15176958790381245
0.3212103074596775,-0.1534821619441853
0.3049315175702494,-0.14175976805425994
0.28250848093340464,-0.13079272218011506
0.21804600377236638,-0.12084740785817005
0.25507563929403987,-0.11003963033951336
0.19265611710086938,-0.09991333615127485
0.15792366766160537,-0.09742982272880396
0.1666566171953756,-0.09494630930633285
0.11558421965568288,-0.09246279588386197
0.11834015384797136,-0.09651009478972328
0.14072701238816787,-0.10612267641285755
0.13132489112115686,-0.11795203365496731
0.12399562712638601,-0.11380162405137395
0.2139124716481855,-0.10965121444778059
0.24233602708385837,-0.10550080484418722
0.28460016558247236,-0.10135039524059386
0.19454402308310237,-0.09145336246016011
0.1764672802340599,-0.09998598620666199
0.12596708728421113,-0.09362003459266166
0.12110531714654749,-0.07936445397524095
0.215847630654612,-0.06062370034592657
0.1231854346490675,-0.06507979815279075
0.18839226999590464,-0.07557442888098564
0.2150730010001891,-0.0735368111833411
0.25629203550277224,-0.08521502290792138
0.22859794862808713,-0.07851535170825563
0.150511464764995,-0.0777076322640946
0.1372535459456905,-0.07689991281993358
0.12399562712638601,-0.04791700068990978
0.12399562712638601,-0.05227471346878887
0.12399562712638601,-0.0615456804114195
0.1845230594758065,-0.07289829538829296
0.2057039814610635,-0.06608270294037621
0.235836398216986,-0.06401927435576027
0.22650355677450862,-0.0506122646047108
0.29132670740927424,-0.04919691702619711
0.27695415865990425,-0.029729890586131846
0.2757092137490549,-0.027180761840213008
0.24100568217615925,-0.02614949958349233
0.2972536394673009,-0.025118237326771653
0.191525366998488,-0.024086975070050975
0.2549405251779864,-0.02305571281333041
0.1474915781328756,-0.02202445055660973
0.15347681763351617,-0.02598610424661152
0.1594620571341565,-0.029947757936613195
0.16544729663479707,-0.03390941162661487
0.17143253613543785,-0.03787106531661644
0.1774177756360782,-0.04183271900661811
0.18340301513671875,-0.0457943726966199
0.221159165905368,-0.04975602638662158
0.2139124716481855,-0.07599210976368154
0.22025016046339463,-0.07830958287924861
0.23359274095104587,-0.08062705599481568
0.23994285829605588,-0.08294452911038253
0.24955491096742688,-0.0852620022259496
0.2603591180616809,-0.08757947534151655
0.31209884151335676,-0.08989694845708363
0.2506294250488281,-0.09221442157265047
0.2972536394673009,-0.09453189468821754
0.30393268216040825,-0.09684936780378461
0.3037899386498235,-0.09916684091935157
0.2789602587299962,-0.10148431403491853
0.2541305788101689,-0.10380178715048549
0.2375799609768776,-0.10611926026605256
0.22102934314358613,-0.08636907321303633
0.244201906265751,-0.06672835468652827
0.20481109619140625,-0.06500188470084478
0.18024842457104762,-0.06327541471516118
0.15568575295068876,-0.061548944729477584
0.13112308133033013,-0.059822474743793985
0.1065604097099715,-0.06147354488678569
0.08199773808961264,-0.06312461502977729
0.0927579633651241,-0.064775685172769
0.10351818864063533,-0.07906542725824006
0.11427841391614679,-0.08382738407571522
0.12503863919165825,-0.08283085609549912
0.07894048383159014,-0.07920905725279848
0.06579479094474538,-0.08638714083391641
0.09230632166708674,-0.0991493338969216
0.11021411034368689,-0.10648873552161064
0.20468348841513362,-0.09434167662663251
0.17375786073746213,-0.0792872490574471
0.19757326187626,-0.07938199019550685
0.1588894013435609,-0.08651999098744556
0.19571408917826982,-0.08728361366993154
0.23253877701297876,-0.09702547747104318
0.2242578075778099,-0.09331311278082244
0.21597683814264124,-0.09682073640586131
0.2035367411951865,-0.10163499822664024
0.19297279850129168,-0.10344130482839708
0.18240885580739663,-0.09826743662060788
0.1194910849294355,-0.10699189598880599
0.1875169815555695,-0.11835923835412776
0.1905213632891256,-0.12228735169367999
0.18951883623676924,-0.10734406276721864
0.19265611710086938,-0.08819071451822913
0.12295396866336938,-0.07981948472967193
0.09130440988848276,-0.08746201244752794
0.09041497015183975,-0.09192805503731338
0.10850758706369712,-0.09760128799362566
0.11845508698494212,-0.09689095720129814
0.09576674430601062,-0.09493137947955532
0.09052608859154487,-0.09592183430989587
0.04874137140089463,-0.11067404675839554
0.05222837386592749,-0.11669162731265548
0.06332065213111138,-0.12346151930775806
0.06752075687531511,-0.124809910408893
0.13132489112115686,-0.12173636517121422
0.0877523114604335,-0.11358331329193871
0.06256903371503286,-0.11155495714785446
0.030608146421370996,-0.11867504214766011
0.10748549430601062,-0.11936275045670086
0.029681667204826123,-0.12266624033154538
0.0006087518507433831,-0.12620893639711595
0.09487238237934736,-0.11836250267218595
0.14928091725995474,-0.14433736469022074
0.10737216088079626,-0.13952120501010568
0.11192407915669111,-0.12585927479302705
0.09041497015183975,-0.12794289660097946
0.07380836240706912,-0.13521374754644744
0.191525366998488,-0.14505543874863958
0.24206973660376763,-0.14496138083994092
0.250763923891129,-0.14486732293124227
0.2553080281903666,-0.1447732650225435
0.25985213248960437,-0.14467920711384485
0.26439623678884194,-0.1445851492051461
0.2558476144817019,-0.14449109129644744
0.24729899217456164,-0.14439703338774879
0.23875036986742137,-0.11868794759114587
0.23020174756028133,-0.08875878177472019
0.2216531252531413,-0.07476024722578511
0.21310450294600103,-0.06666914147524095
0.204555880638861,-0.06676521111483602
0.16765967748498412,-0.06686128075443099
0.13076347433110702,-0.06695735039402595
0.09386727117723037,-0.06705342003362091
0.04369674190398176,-0.06714948967321599
0.023941655312815113,-0.06724555931281095
0.01753493278257312,-0.06734162895240592
0.025679680608933886,-0.06743769859200088
0.024758984965662867,-0.06753376823159596
0.057328378000567115,-0.06762983787119092
0.07196032616399939,-0.08532737618062036
0.09498399303805449,-0.09447080697586285
0.08006631174395151,-0.08349176663071367
0.06514863044984875,-0.06444166192960976
-0.019620956913117493,-0.0646797294047341
-0.06894806892641125,-0.08024316284787003
-0.04558280206495713,-0.09523458148709574
-0.006587366903981873,-0.10475166282843595
-0.04110004055884575,-0.11388401012515548
-0.055202730240360376,-0.12476823341787158
-0.03800213721490675,-0.136522511344644
-0.057404918055380505,-0.14877099184254505
-0.01040403304561488,-0.1538743355974036
-0.020584475609564,-0.16241675229807995
0.03205170169953386,-0.1638652744577892
0.030402275823777636,-0.15599690147893341
-0.016528837142452124,-0.14028642189443408
0.0020959915653351313,-0.14499296121929417
0.028037409628591137,-0.16349655834596544
0.030402275823777636,-0.17103159131102297
0.13343097317603325,-0.1572765900721005
0.11845508698494212,-0.15174425419290272
0.1455870597593245,-0.16083317846801148
0.1688541289298766,-0.17595501800081625
0.17745454849735376,-0.1755182826103856
0.1726519676946825,-0.17508154721995495
0.221159165905368,-0.1746448118295243
0.2067259511639994,-0.16511300309973564
0.21999039188508074,-0.1555811943699471
0.2780622666881931,-0.14604938564015857
0.30179583641790564,-0.12133963665558922
0.234647935436618,-0.11288725440181901
0.24277305603027344,-0.11152170665228545
0.2508981766239289,-0.12206894604127794
0.3340904481949345,-0.1394932685206779
0.33055976129347275,-0.12582739075618
0.29485001102570574,-0.12540720469916045
0.2920346413889239,-0.13195185874825088
0.28921927175214224,-0.13057355738397858
0.3165708972561745,-0.12202347333158425
0.16385687551190786,-0.11442748112465018
0.17856671733240925,-0.1222875035224269
0.23795355519940786,-0.12077316360094059
0.21999039188508074,-0.11152550237095771
0.298245337701613,-0.0927088343681981
0.26280839981571313,-0.09278258337451506
0.3144041492092995,-0.09285633238083213
0.16971009777438262,-0.09293008138714909
0.17363505209645913,-0.09300383039346605
0.1165018389301915,-0.093077579399783
0.18564458047190024,-0.09315132840610019
0.15515296689925662,-0.09322507741241715
0.10567166728358113,-0.09464499672319826
0.1165018389301915,-0.09606491603397938
0.11489671276461699,-0.0974848353447606
0.10555833385836699,-0.11906372373969998
0.1987120105374245,-0.12578313267646146
0.17154755130890886,-0.12542428543318562
0.15611574726720012,-0.12506543818990978
0.237821025233115,-0.12470659094663405
0.1916507597892516,-0.12434774370335822
0.27695415865990425,-0.12398889646008238
0.23043490994361138,-0.12363004921680654
0.2357042374149445,-0.12327120197353081
0.2067259511639994,-0.12291235473025497
0.18739208098380788,-0.11664979849288715
0.1676324413668724,-0.11152170665228545
0.1956787109375,-0.10033686244072604
0.16470804522114424,-0.09404796391577275
0.079927013766381,-0.09428276707283889
0.19947199667653726,-0.09093873892257465
0.13132489112115686,-0.09435162140955378
0.12864168228641626,-0.09318625986279538
0.12503863919165825,-0.0984635234472171
0.13144179313413562,-0.10323663967758867
0.18764200518208174,-0.0975621161769279
0.1533509531328756,-0.09608368375408116
0.12771040393460176,-0.09952214938491133
0.19947199667653726,-0.09705941119597328
0.12202908915858113,-0.09678156458916354
0.14475520964591726,-0.09659405608675375
0.12029783187373999,-0.10034384656308304
0.17770176549111638,-0.09844363388137434
0.1378951534148185,-0.10455557600182686
0.14546818887033774,-0.10012217659262279
0.11569878362840225,-0.09950871254081162
0.16971009777438262,-0.0958829661506918
0.15997732839276724,-0.09970252193621731
0.17968036282447075,-0.07920457830476524
0.11845508698494212,-0.07657114664713538
0.06418031261813262,-0.07393771498950563
0.038892930553805494,-0.08963210072683458
0.06752075687531511,-0.09646143367634485
0.08764156218497976,-0.1021455983024332
0.12585092359973538,-0.09767135696031559
0.08697743569650962,-0.09871510368081471
0.15997732839276724,-0.09273646720013218
0.11398081625661538,-0.08083909067941542
0.10930362824470774,-0.07497083369772228
0.11215246877362661,-0.08679282724560788
0.16470804522114424,-0.10089430168493474
0.22025016046339463,-0.11101634466826027
0.2592727907242314,-0.12567776352611937
0.28795709917622236,-0.138759176529462
0.23056608630764863,-0.15202240445720616
0.3108045516475555,-0.15195671321938475
0.277923583984375,-0.15189102198156357
0.24688560731949338,-0.15182533074374227
0.215847630654612,-0.14535826118431283
0.2737757775091356,-0.13992772647990515
0.26485455420709436,-0.15359466704563118
0.22650355677450862,-0.15246878097306438
0.2603591180616809,-0.15134289490049746
0.26827535321635576,-0.15021700882793065
0.2579764704550467,-0.13749535404034519
0.24767758769373738,-0.13497036606518187
0.355561287172379,-0.12633411919892723
0.28028266660628787,-0.12645710048390857
0.22519696143365686,-0.13317673716379042
0.30750520767704126,-0.12919783710840327
0.2736380792433215,-0.11311051857412158
0.26119398301647556,-0.11355972922658841
0.24874988678962962,-0.11400893987905525
0.1676324413668724,-0.11445815053152208
0.2233711981004285,-0.11490736118398892
0.165681654407132,-0.11535657183645565
0.1474915781328756,-0.11580578248892259
0.13978182884954626,-0.11625499314138943
0.15131341257402964,-0.11670420379385615
0.1688541289298766,-0.1171534144463231
0.21895291728358113,-0.12577341563666045
0.193662335795741,-0.1452884958751166
0.20992672827936,-0.15647242911419468
0.28028266660628787,-0.15269508172030477
0.2549405251779864,-0.136603663809857
0.2077487822501891,-0.13178795961598255
0.166900388656124,-0.13698209696148167
0.22025016046339463,-0.1448117536098803
0.16179373956495713,-0.14188388805484298
0.169832537251134,-0.1418138950025264
0.22650355677450862,-0.14583302967583955
0.25602168421591487,-0.1531149641198305
0.2669053846789944,-0.15082698081856338
0.18265718029391387,-0.12873422802977297
0.19454402308310237,-0.11766105386155157
0.19240459319083913,-0.12936947950676303
0.15227163991620474,-0.14560338869616762
0.20468348841513362,-0.16060323383084574
0.25737479425245713,-0.16291615500378964
0.20468348841513362,-0.16522907617673355
0.27709247219947075,-0.16528472141246886
0.20468348841513362,-0.16501404871394976
0.27709247219947075,-0.16474337601543065
0.23689429990706912,-0.16098045235249536
0.19959862001480588,-0.15243408810439985
0.12585092359973538,-0.14207352215970925
0.1533509531328756,-0.1268661271280317
0.078064457062752,-0.11946394431650342
0.078064457062752,-0.11958195321002407
0.0659027099609375,-0.11969996210354472
0.061496734619140625,-0.11981797099706548
0.0728294618668095,-0.11993597989058613
0.09219495711788062,-0.12005398878410678
0.06838497038810476,-0.12017199767762754
0.10126704554403987,-0.12753470501496422
0.10918980260049138,-0.13642837752157178
0.10386165495841726,-0.13858677498736782
0.10397474227413062,-0.1481461406347171
0.11834015384797136,-0.14811146832619537
0.12945741222750762,-0.14807679601767365
0.14832601239604326,-0.14804212370915204
0.17955669280021413,-0.14800745140063032
0.181918728736139,-0.1479727790921086
0.1842807646720641,-0.147938106783587
0.186642800607989,-0.14531261766727888
0.099242179624496,-0.14268712855097077
0.15407131564232612,-0.14006163943466265
0.09845610587827625,-0.12499005521707862
0.0825635848506805,-0.07987854611221235
0.02302317465505288,-0.07696018943494409
0.02990333495601538,-0.07404183275767573
0.03678349525697766,-0.07112347608040759
0.04366365555794016,-0.06820511940313934
0.05054381585890244,-0.06528676272587097
0.05742397615986494,-0.06236840604860283
0.06430413646082722,-0.05945004937133458
0.07118429676178972,-0.056531692694066216
0.078064457062752,-0.061725293818990945
0.12029783187373999,-0.06810232893151436
0.12596708728421113,-0.06872216979069501
0.12480680404170874,-0.06826212868761661
0.1427618457425026,-0.07603849344585667
0.16071688744329626,-0.08999664154811882
0.17867192914409014,-0.09378979600154602
0.196626970844884,-0.09758295045497334
0.21458201254567788,-0.10137610490840065
0.23253705424647175,-0.0987058421272543
0.21309969502110637,-0.08409224932466575
0.193662335795741,-0.07606384884658735
0.21921207058814263,-0.07965171396435788
0.21288213422221514,-0.08109332791608359
0.18240885580739663,-0.07750356493897703
0.20787688224546375,-0.0690435912478623
0.11101162818170374,-0.0724759837288168
0.05064145980342749,-0.07590837620977142
0.06849313551379788,-0.0911069651741293
0.06925016833889863,-0.09822219165403456
0.0581817626953125,-0.09392915792133083
0.03702114474388862,-0.09565863917716111
0.057221935641381005,-0.10733130915247979
0.10918980260049138,-0.10805730361052812
0.15707938901839724,-0.10878329806857634
0.16106673209897937,-0.10950929252662467
0.1457060537030619,-0.09868170135649879
0.07795518444430449,-0.09934109360424437
0.04285923127205149,-0.09922251535292292
0.07120046307963701,-0.09911365414140239
0.09666209067067788,-0.09535270425217657
0.0710921748991935,-0.08307347843303015
0.165681654407132,-0.08322910289859298
0.12864168228641626,-0.09425763941522858
0.061125232327368995,-0.09113338337608834
-0.006391217631678381,-0.05621793376865669
-0.0009050676899571286,-0.05474999650793877
0.004581082251764013,-0.05328205924722096
0.02322707637663801,-0.05181412198650304
0.055624808034589135,-0.050346184725785115
0.10555833385836699,-0.06165590808166199
0.12041313417496213,-0.07076570880946831
0.14794712681924138,-0.07201442433826954
0.17548111946352063,-0.07167895872201491
0.18696994166220393,-0.07161298913149095
0.198458763860887,-0.06809314329232741
0.197510503953503,-0.05965746220071522
0.196562244046119,-0.050296460811178445
0.2177880810153099,-0.04206043452172725
0.195281490202873,-0.03933019577058905
0.1727748993904359,-0.036599957019450735
0.14285721317414324,-0.03386971826831242
0.09297487812657512,-0.036994006842184124
0.09487238237934736,-0.04011829541605594
0.04453536002866687,-0.04324258398992764
0.06321322533392126,-0.04636687256379923
0.06342795587355088,-0.04949116113767105
0.09130440988848276,-0.062166280414334585
0.0728294618668095,-0.07908205250602451
0.09130440988848276,-0.08499638951239896
0.11021411034368689,-0.09638339370044313
0.14179143598002764,-0.09786615324257619
0.13132489112115686,-0.09673776199568562
0.09308636573053186,-0.09772100496054881
0.13530768117597036,-0.10229226487192944
0.1523914952431955,-0.1010459786030784
0.15719998267389124,-0.10994724254703048
0.10918980260049138,-0.10830498690628887
0.12029783187373999,-0.10047525434351678
0.12689627370526724,-0.0897594850454757
0.06946674469978587,-0.08762249543299128
0.058928951140373,-0.08530756252915117
0.055624808034589135,-0.08154805501302087
0.04976561761671494,-0.08126140233889145
0.04390642719884075,-0.07796322647018816
0.05978405860162561,-0.08477676923002175
0.1378951534148185,-0.08664912133667602
0.21172455818422375,-0.0855574726465329
0.2603591180616809,-0.08923734598491917
0.29386200443390886,-0.09798700892510104
0.29259343301096274,-0.09669866609336131
0.290342761624244,-0.08259779896902208
0.2636262216875631,-0.06514037782280002
0.21404130997196313,-0.03881350085509949
0.1686094960858744,-0.03176629365380135
0.16971009777438262,-0.034952343992926016
0.1845230594758065,-0.02965686095887754
0.263762689405872,-0.014516498318952076
0.18340301513671875,0.000269799683224603
0.19757326187626,0.007163811678910115
0.18739208098380788,-0.027646344692552893
0.18141568091607874,-0.02760937439268496
0.2924527814311366,-0.019561312091884275
0.2669053846789944,0.008307233971742933
0.18864231724892888,0.0007378117955145758
0.1905213632891256,-0.006831610380713671
0.24433542067004788,-0.003105960675139907
0.265811058782762,0.0011318073936956718
0.223110568138861,0.00536957546253114
0.16971009777438262,-3.3174581195560826e-05
0.15611574726720012,-0.0054359246249222615
0.1588894013435609,-0.017394867702503092
0.174742175686744,-0.019102030132540415
0.16179373956495713,-0.00038572093147548614
0.13343097317603325,-0.010163947717467314
0.1765907041488155,-0.03652498615321831
0.15985636557302163,-0.060899269521532906
0.17856671733240925,-0.06634529075812345
0.24861575711158013,-0.06209476907454914
0.18166388234784536,-0.07518885977825718
0.18564458047190024,-0.09178100889594998
0.21494391656691025,-0.10969384036847019
0.19959862001480588,-0.11890263343924912
0.24007551131709937,-0.11711113014031405
0.2475438271799395,-0.10819673300975596
0.20864498999811,-0.10515924709946367
0.11375218053017888,-0.11300719911186252
0.1688541289298766,-0.11683852162527208
0.1435684696320565,-0.12379986967020362
0.13413423107516387,-0.13106631758201182
0.12399562712638601,-0.1384262920019046
0.13628018286920374,-0.14324617148631846
0.14856473861202124,-0.14784476057213936
0.25278239096364663,-0.14692300824976678
0.30168970169559595,-0.14264204490244092
0.35059701242754526,-0.1440814573373368
0.24540353590442288,-0.14278582672574625
0.272673083889869,-0.13967889434662617
0.266084486438382,-0.1365719619675062
0.3617660768570439,-0.13346502958838613
0.314115708874118,-0.13035809720926628
0.37276224936208413,-0.1272511648301461
0.32455936554939524,-0.134178806893268
0.3964043894121725,-0.13086028597248134
0.31555926415228064,-0.14758581664431747
0.41517036191878787,-0.14014522115982586
0.35300076392389124,-0.1495696785306324
0.41164373582409275,-0.15899413590143896
0.4548321385537424,-0.1684185932722455
0.4232335244455645,-0.16416908378031714
0.37030743014427925,-0.16515685313969697
0.365417234359249,-0.1661446224990769
0.43594754126764124,-0.16713239185845674
0.3826452685940651,-0.16812016121783657
0.3924753742833291,-0.16771238716087533
0.3471527099609375,-0.16730461310391398
0.4389051621960056,-0.16689683904695274
0.3826452685940651,-0.13825836940784364
0.40129901516822075,-0.1329918350548689
0.27129634734122976,-0.12772530070189414
0.27695415865990425,-0.1224587663489195
0.21688141361359636,-0.12723727249980565
0.2529170128606981,-0.12285420432019589
0.28697684503370713,-0.12138822185459419
0.23676213910502764,-0.1244779368538168
0.23043490994361138,-0.13292948404947913
0.234647935436618,-0.14097283965912621
0.2233711981004285,-0.14258632375233204
0.21999039188508074,-0.14605910267995958
0.22637274957472275,-0.1467005791355721
0.241271480437248,-0.14788734853564212
0.22951593706684736,-0.14378971840018662
0.22859794862808713,-0.14556816442688902
0.227419207173009,-0.14044310916122515
0.27695415865990425,-0.13825328314482277
0.18639299946446575,-0.12258926315687191
0.13425162530714463,-0.12120663467331316
0.21404130997196313,-0.12812611594128964
0.20864498999811,-0.13504559720926612
0.21895291728358113,-0.1560201312772077
0.20992672827936,-0.1459603001229206
0.1628853582566785,-0.1359004689686334
0.2244139640561995,-0.14429098100804572
0.2380858390561995,-0.12841561540442314
0.22951593706684736,-0.1271008543707245
0.16592542586788062,-0.1377612061761505
0.15985636557302163,-0.17205818138312345
0.15611574726720012,-0.19609821376515857
0.24100568217615925,-0.19990186127198206
0.18464771393806712,-0.20370550877880556
0.29386200443390886,-0.20391419844577285
0.3340904481949345,-0.20412288811274026
0.3365642178443171,-0.20433157777970767
0.3390379874936995,-0.20454026744667497
0.31888764904391387,-0.20474895711364227
0.33896723101215986,-0.2049576467806098
0.32596495843702744,-0.2051663364475772
0.31296268586189524,-0.2053750261145445
0.29132670740927424,-0.22063594077950088
0.29984572625929307,-0.21068698256763063
0.3083647451093119,-0.18628020784748134
0.30393268216040825,-0.18222212910059077
0.21791655017483613,-0.1781640503537002
0.14546818887033774,-0.17410597160680974
0.14515140492429013,-0.17396590958780322
0.14483462097824273,-0.1738258475687966
0.14451783703219512,-0.17368578554979008
0.135648911999118,-0.17354572353078357
0.12677998696604087,-0.17340566151177705
0.14844537550403225,-0.20696239566328511
0.18365195489698838,-0.20801172209023244
0.18739208098380788,-0.20906104851717977
0.17449594313098538,-0.1984665144735308
0.18153972010458674,-0.1947511891227457
0.21082515101278987,-0.20135589144123134
0.2233711981004285,-0.20147391931334535
0.244201906265751,-0.20159194718545947
0.261718996109501,-0.19856892296330841
0.23994285829605588,-0.1820516254178327
0.265072484170237,-0.17652809560595462
0.29020211004441787,-0.17424216199277054
0.2904830440398185,-0.17448630261777054
0.26111608935940644,-0.17473044324277054
0.23174913467899438,-0.17497458386777054
0.09666209067067788,-0.17521872449277054
0.0915481075163811,-0.17546286511777054
0.09543954172442026,-0.17570700574277054
0.09933097593245965,-0.17595114636777054
0.10322241014049882,-0.17619528699277054
0.10711384434853843,-0.17643942761777054
0.1110052785565776,-0.17668356824277054
0.11489671276461699,-0.17692770886777054
0.12110531714654749,-0.20762102876729638
0.17844317036290325,-0.21481885008550994
0.21481507824313262,-0.20837523806747515
0.20150190784085176,-0.21751312711345616
0.21804600377236638,-0.23228727881588151
0.20061332948746213,-0.22628465339319026
0.26471784037928425,-0.22028202797049912
0.227419207173009,-0.21222561508861937
0.23267044559601824,-0.21322480007190614
0.213010726436492,-0.20806376139322913
0.2139124716481855,-0.20615534995918838
0.20481109619140625,-0.22297478671097637
0.26471784037928425,-0.21611880781638682
0.18551992600963962,-0.19618703358208955
0.16179373956495713,-0.19840221499922261
0.16495132446289062,-0.20061739641635568
0.1455870597593245,-0.20432308064171334
0.14856473861202124,-0.1984019113417289
0.14641977125598538,-0.20471844269861628
0.13695316929971013,-0.2085993372978856
0.16094552316973276,-0.20449548218380753
0.16094552316973276,-0.21185925232237246
0.17560417421402463,-0.21560304556319965
0.18153972010458674,-0.21624437019006526
0.1845230594758065,-0.22678249985424437
0.19353645078597537,-0.2271702704738029
0.20264594785628787,-0.2257349574150731
0.227419207173009,-0.22459237018034828
0.23056608630764863,-0.21443373646902208
0.21908261699061238,-0.19420824952386506
0.2517051696777344,-0.1862312430766091
0.23689429990706912,-0.18298301886563273
0.25507563929403987,-0.17499470117673355
0.24767758769373738,-0.16103632533135104
0.24152523471463105,-0.1495750768860774
0.23537288173552473,-0.146030384905105
0.22922052875641863,-0.1424856929241325
0.2230681757773123,-0.1389410009431602
0.21691582279820598,-0.1353963089621878
0.21076346981909966,-0.13185161698121528
0.20461111683999333,-0.12830692500024288
0.198458763860887,-0.12687478136660446
0.20468348841513362,-0.1407212594255286
0.26827535321635576,-0.15458785479341575
0.27903304561491926,-0.16314704857062345
0.29810357862903225,-0.16335484518933652
0.32004817839591726,-0.16356264180804958
0.32353874944871475,-0.16377043842676264
0.3270426104145665,-0.1639782350454757
0.32529400240990425,-0.16021903118683922
0.323545394405242,-0.15485978007909673
0.32179678640057974,-0.14069256379236628
0.32004817839591726,-0.13891419368003732
0.302792210732737,-0.1367260377798507
0.26267205515215464,-0.13210841316488842
0.250763923891129,-0.12749078854992613
0.21791655017483613,-0.13013215958577884
0.2293846376480595,-0.13277353062163133
0.14273871144940786,-0.13541490165748404
0.14577296032883602,-0.13805627269333676
0.1488072092082644,-0.14069764372918925
0.15184145808769278,-0.14333901476504196
0.15487570696712072,-0.16070662920747825
0.1579099558465491,-0.1732742537313433
0.16094420472597748,-0.17542877956409364
0.16397845360540564,-0.17758330539684386
0.18864231724892888,-0.1797378312295942
0.20061332948746213,-0.18189235706234452
0.22415321103988162,-0.18404688289509485
0.24848162743353064,-0.18620140872784519
0.24113870436145413,-0.1883559345605954
0.29810357862903225,-0.19051046039334574
0.31426005209645913,-0.19266498622609607
0.2969706135411416,-0.16743271860910292
0.28711675828503025,-0.15950976319574006
0.28697684503370713,-0.15602878551578048
0.3199032198998235,-0.15396277584246731
0.34342304352791087,-0.15092358185877253
0.3616142272949219,-0.14788438787507774
0.33305949549521174,-0.14967505611590481
0.35782660207440786,-0.15025792667521765
0.3495474784604964,-0.14911761687169622
0.3736844216623614,-0.1606364084120414
0.2669053846789944,-0.1781007377662469
0.367859132828251,-0.17717626467273007
0.3388191961473035,-0.17625179157921333
0.31296797721616687,-0.1753273184856966
0.28711675828503025,-0.17440284539217976
0.377536404517389,-0.17347837229866303
0.3738379939909904,-0.16952309679629196
0.35074713922316025,-0.14619278789159673
0.3666373222104964,-0.12886366203649724
0.20992672827936,-0.12657171431795022
0.19369063838835676,-0.12427976659940321
0.17745454849735376,-0.12198781888085619
0.1446365848664315,-0.12137892776630255
0.14239546252835167,-0.12077003665174868
0.14015434019027206,-0.12016114553719504
0.13791321785219268,-0.11955225442264128
0.13567209551411286,-0.11894336330808752
0.13343097317603325,-0.11833447219353377
0.14924535443705889,-0.11772558107898012
0.16505973569808474,-0.13539199449529693
0.18087411695911038,-0.1549625681407416
0.196688498220136,-0.15374108900214645
0.2338563242266256,-0.15251960986355118
0.29386200443390886,-0.15129813072495601
0.298245337701613,-0.15007665158636074
0.22859794862808713,-0.14885517244776547
0.25832330026934214,-0.1476336933091702
0.31555926415228064,-0.14641221417057504
0.31490965812437,-0.14519073503197988
0.31426005209645913,-0.1439692558933846
0.2924527814311366,-0.13261717231712533
0.2757092137490549,-0.13352556370977142
0.204555880638861,-0.13299682009872515
0.29372110674458174,-0.12493828161438902
0.28264636378134456,-0.11092167944457398
0.2715716208181074,-0.10267289954038405
0.2262419423749369,-0.09949884367226369
0.217010744156376,-0.10109327325773476
0.17375786073746213,-0.10168138190881526
0.2725352625693045,-0.09576947416239112
0.2422028818438131,-0.09232270349910598
0.17375786073746213,-0.09082476715543375
0.10386165495841726,-0.08932683081176152
0.15816497802734375,-0.08782889446808928
0.10487919469033513,-0.08633095812441693
0.12875821513514363,-0.0848330217807447
0.13297345561365925,-0.09247646047108204
0.13718869609217488,-0.10333115307252794
0.1285251494376891,-0.11926390994247515
0.19959862001480588,-0.11806475565462304
0.16971009777438262,-0.11686560136677104
0.17757809546686,-0.11566644707891893
0.18864231724892888,-0.11446729279106704
0.17955669280021413,-0.11326813850321493
0.20251883229901724,-0.11206898421536293
0.31296268586189524,-0.11086982992751093
0.26909822033297637,-0.10967067563965893
0.19947199667653726,-0.10847152135180682
0.1666566171953756,-0.10316026981790272
0.13695316929971013,-0.08051152015799912
0.16971009777438262,-0.05731261903373752
0.20061332948746213,-0.05960447396805035
0.22415321103988162,-0.06239918571206471
0.2868368087276336,-0.06383039939462842
0.23596868207377764,-0.06418476768987091
0.28460016558247236,-0.06687707094410755
0.30051606701266387,-0.0637345195409671
0.2757092137490549,-0.06777240506452109
0.2761702998991935,-0.055882316323655146
0.27663138604933213,-0.054822503361212416
0.27709247219947075,-0.053762690398769575
0.2539957108036164,-0.052702877436326956
0.20251883229901724,-0.051643064473884115
0.228335965064264,-0.050583251511441385
0.26499114498015364,-0.049523438548998655
0.18439865112304688,-0.048463625586555814
0.20864498999811,-0.047403812624113084
0.15792366766160537,-0.046343999661670354
0.23359274095104587,-0.045284186699227624
0.17154755130890886,-0.04422437373678478
0.260495093560988,-0.05480000510144589
0.22415321103988162,-0.06544213745724503
0.204555880638861,-0.06945459166569501
0.23372453258883574,-0.07141933156483204
0.24968904064547637,-0.0678123360249534
0.24647288168630288,-0.07151483184662621
0.25940839705928687,-0.07007116820681747
0.2736380792433215,-0.0739828840417055
0.28460016558247236,-0.06993763482392723
0.3212103074596775,-0.0654321167599502
0.28460016558247236,-0.059171230638798145
0.23372453258883574,-0.057139913834149514
0.298245337701613,-0.04859119624047725
0.21714019775390625,-0.05163483121501866
0.2127534189531881,-0.042758619014303445
0.20074007588048137,-0.04445811409262279
0.17955669280021413,-0.04944933231790272
0.15311099636939263,-0.05613518710160137
0.174742175686744,-0.05910328727456471
0.09834375689106611,-0.07944317718050375
0.14084502189390125,-0.09000681407416045
0.15419141707881812,-0.10469844685265084
0.21095362017231611,-0.11541148323324779
0.19039609355311238,-0.12794927340834883
0.16276390321793088,-0.1290790058091702
0.2539957108036164,-0.1302087382099918
0.18839226999590464,-0.13133847061081316
0.22232941658266125,-0.13246820301163453
0.208772966938634,-0.13359793541245601
0.2180306834559287,-0.13472766781327739
0.22728839997322337,-0.12989101125233204
0.19139972809822337,-0.13084221835160137
0.18365195489698838,-0.12770004652032807
0.23359274095104587,-0.1184201975960043
0.2035367411951865,-0.10397536244558458
0.12596708728421113,-0.09672144040539488
0.10284534577400462,-0.0991163870588464
0.1552733144452494,-0.1098433157697839
0.19064687913463962,-0.10639467761291199
0.11489671276461699,-0.09415773609977451
0.11938833421276462,-0.10122574383939675
0.12387995566091226,-0.12083769081836904
0.19643598987210176,-0.13351637807058458
0.23994285829605588,-0.12056394358772549
0.19643598987210176,-0.11017726309856968
0.1686094960858744,-0.11925783679259949
0.27033405919228826,-0.13364186452988958
0.2924527814311366,-0.13393428669640084
0.355410668157762,-0.11182149251302087
0.3542048546575731,-0.0911290562568019
0.3234696542063067,-0.08578126821944965
0.29273445375504026,-0.10444124895541818
0.3484989289314515,-0.12124937446556283
0.365417234359249,-0.12216049877565294
0.355410668157762,-0.11527521693291354
0.39357388404107874,-0.1025354945244481
0.3307066886655745,-0.0984682301383707
0.33305949549521174,-0.1131159844090096
0.3118110164519279,-0.12691387726892878
0.31426005209645913,-0.13200887044270837
0.36267754339402725,-0.12904069435537158
0.36267754339402725,-0.12471524518520682
0.3220361894176853,-0.11268494259658735
0.28139483544134314,-0.09439656271863339
0.1987120105374245,-0.08849400762301762
0.18830385515766768,-0.08259145252740208
0.17789569977791087,-0.08299966783665902
0.16748754439815405,-0.08340788314591596
0.15707938901839724,-0.0838160984551729
0.21095362017231611,-0.08422431376442985
0.2452698984453756,-0.08673611920864432
0.24007551131709937,-0.10091100284709265
0.34357206283077124,-0.10976762913945892
0.2306975087811869,-0.12134533023359761
0.31555926415228064,-0.1225600361230954
0.29068516146752144,-0.12646621020872206
0.265811058782762,-0.12015165262554417
0.3175837609075731,-0.11493990314540581
0.272673083889869,-0.10900962412060788
0.25954424950384314,-0.10952250162760413
0.23702670681861138,-0.10668208943077584
0.22232941658266125,-0.11040963699568562
0.20264594785628787,-0.11279630898243154
0.18951883623676924,-0.11902637386796489
0.18764200518208174,-0.12372630864233525
0.194669908092868,-0.12945693286497206
0.17461899788148938,-0.13275214807311098
0.20583171229208674,-0.13656532705126712
0.13624757336032012,-0.1427461235084344
0.17560417421402463,-0.1460089232791123
0.2057039814610635,-0.15591590084246731
0.165803478610131,-0.16498539103797416
0.16106673209897937,-0.1634872208780317
0.22650355677450862,-0.15675308455282178
0.10828042799426663,-0.14188813925975596
0.14096327750913562,-0.14380619181922416
0.11398081625661538,-0.16199945098725121
0.16815511641963843,-0.16422903715674553
0.22232941658266125,-0.16645862332623984
0.15323109780588462,-0.16868820949573426
0.29020211004441787,-0.17091779566522858
0.33896723101215986,-0.16549690208624845
0.28473983272429426,-0.14813179281813593
0.28153413341891387,-0.14373999448557995
0.23043490994361138,-0.15524732295553478
0.2857178718813005,-0.15299851147096544
0.25710407380134837,-0.14404137454815769
0.3569198116179435,-0.12388777851465327
0.33055976129347275,-0.11852996978000618
0.34476397114415325,-0.11270953885358359
0.31426005209645913,-0.10065016105993474
0.35782660207440786,-0.09323211214435634
0.33438737930790063,-0.09350418293258633
0.3109481565413936,-0.09377625372081655
0.34238163117439524,-0.09404832450904654
0.3687765059932586,-0.09432039529727654
0.28921927175214224,-0.09459246608550675
0.18951883623676924,-0.09486453687373675
0.15913108087355088,-0.09513660766196685
0.16022426851334104,-0.09540867845019696
0.1613174561531312,-0.09568074923842695
0.16241064379292158,-0.09595282002665706
0.16350383143271174,-0.09622489081488717
0.1645970190725019,-0.09649696160311727
0.16569020671229207,-0.11651634102437036
0.16678339435208223,-0.12616050302685788
0.1678765819918724,-0.1358046650293454
0.17068973664314524,-0.13799084715582244
0.20150190784085176,-0.14017702928229947
0.23477997318390886,-0.1423632114087764
0.265811058782762,-0.14454939353525342
0.2452698984453756,-0.14673557566173046
0.26788215227024526,-0.14892175778820738
0.2904944060951151,-0.14478844789723255
0.30007499776860724,-0.137458155997357
0.30965558944209937,-0.1246006903956779
0.30850810389364924,-0.11573351200540272
0.2904830440398185,-0.11077432964571676
0.2529170128606981,-0.10798805578431092
0.2714340456070439,-0.10520178192290508
0.2541305788101689,-0.10950220212414485
0.2421826653155803,-0.11380262232538485
0.2302347518209915,-0.11810304252662462
0.21828683832640272,-0.12240346272786462
0.20633892483181415,-0.1512429915850435
0.19439101133722536,-0.1416389123717351
0.1824430978426368,-0.13203483315842657
0.19663412442771322,-0.12656998515722173
0.21082515101278987,-0.12110513715601678
0.25845890660439763,-0.13255127864097482
0.41004500850554426,-0.11925593893326336
0.31772859634891626,-0.12258478420883867
0.3651123046875,-0.13093703540403456
0.33173530332503787,-0.1400073606576493
0.3786178096648185,-0.15250521987231813
0.36298148862777224,-0.1646282139109142
0.4014573866321194,-0.16452375573305345
0.4519927732406124,-0.1644192975551928
0.3724549816500755,-0.1658675919717817
0.4667794012254285,-0.1673158863883707
0.4153309483681955,-0.16572003973459526
0.3787723664314515,-0.16412419308081982
0.4720413454117314,-0.1625283464270445
0.3888747922835811,-0.16093249977326907
0.4375894608036164,-0.15933665311949363
0.4652569678521925,-0.1577408064657183
0.37260855397870474,-0.1471004201405084
0.45617109729397676,-0.12765609209810325
0.39373090190272175,-0.11755431825248752
0.425503392373362,-0.10106275567960976
0.355561287172379,-0.10134817474517066
0.29259343301096274,-0.10163359381073145
0.26256610501197075,-0.10191901287629235
0.23253877701297876,-0.10220443194185325
0.2205045146326865,-0.10248985100741415
0.20847025225239424,-0.10277527007297493
0.19643598987210176,-0.10306068913853583
0.21791655017483613,-0.10334610820409673
0.23266318536573838,-0.12479867508162312
0.24740982055664062,-0.12774923903432056
0.3605521417433215,-0.13291194782921334
0.2880973815917969,-0.12524603848433613
0.3097991943359375,-0.10570066841087533
0.22859794862808713,-0.09439026182563748
0.24968904064547637,-0.09139433903480643
0.2880973815917969,-0.08839841624397549
0.21714019775390625,-0.12867417976037776
0.34819965977822576,-0.13210096881164246
0.3257270320769279,-0.13552775786290716
0.3108045516475555,-0.13895454691417186
0.37000114687027463,-0.14238133596543645
0.3910647976783015,-0.13863828288975044
0.4114837646484375,-0.13489522981406443
0.42436772008096013,-0.13115217673837842
0.4320177878102949,-0.12740912366269241
0.45082609115108374,-0.1236660705870064
0.4468357947564894,-0.1199230175113204
0.44284549836189524,-0.11617996443563428
0.4388552019673009,-0.10008133465970925
0.43486490557270674,-0.08209327204310479
0.4308746091781124,-0.08080461290147578
0.4127643954369329,-0.07951595375984655
0.3761478547127015,-0.07822729461821754
0.364046404438634,-0.07693863547658841
0.293580086000504,-0.07564997633495929
0.3260194101641256,-0.07436131719333028
0.234647935436618,-0.07307265805170116
0.2541305788101689,-0.07513115431077588
0.24666881561279297,-0.0771896505698505
0.23920705241541707,-0.07924814682892511
0.23174528921804116,-0.08130664308799962
0.22428352602066526,-0.08336513934707435
0.2791717283187374,-0.08542363560614896
0.22637274957472275,-0.09808524212433922
0.284879622920867,-0.11449565223200409
0.336303957047001,-0.12031623498717348
0.29711224955897175,-0.13751911523923355
0.3118110164519279,-0.13717825970246422
0.32353874944871475,-0.14306481204815769
0.29711224955897175,-0.14498400332322758
0.33512287755166326,-0.14842315218341884
0.3377827059838079,-0.14690645891635568
0.33659965761246213,-0.14716851533348885
0.336303957047001,-0.14610692873523012
0.3519482766428301,-0.14727191071012125
0.34238163117439524,-0.14533191889672725
0.35179827290196575,-0.1420499127895678
0.3542048546575731,-0.13793672020755599
0.37630204231508313,-0.13899041171097637
0.3557122753512474,-0.13425715052666354
0.26499114498015364,-0.13615751503711904
0.3398566707488029,-0.1345344657328591
0.33645186885710676,-0.1307483122716495
0.39766520838583674,-0.10851246088891475
0.29711224955897175,-0.10778398656133392
0.2506294250488281,-0.11467815038576645
0.28711675828503025,-0.1178752842234142
0.2475438271799395,-0.10987216323169313
0.31296268586189524,-0.10824949349930035
0.25818769393428687,-0.09034561992284673
0.25723986471852944,-0.09252466609821985
0.25629203550277224,-0.09614585762593286
0.29386200443390886,-0.09151940796505753
0.43218120451896413,-0.07437566500991133
0.33512287755166326,-0.0706175745620854
0.37075042724609375,-0.06685948411425946
0.40637797694052424,-0.06310139366643341
0.3715339168425529,-0.08328991031172261
0.37506927982453386,-0.08384218737853699
0.40494672713741187,-0.06694539388020837
0.37769083822927163,-0.06236849732659944
0.39012564382245474,-0.0577916007729905
0.37015422697990163,-0.06137798556047891
0.29937990250126,-0.08073926327833492
0.27033405919228826,-0.08839006566289642
0.4320177878102949,-0.07784927899564675
0.3715339168425529,-0.07086819321361937
0.30736221805695574,-0.07535458085548818
0.26471784037928425,-0.09985245282377175
0.28028266660628787,-0.10116448094002639
0.34223285798103587,-0.09888310218924912
0.3318822306971396,-0.0822002353952892
0.263762689405872,-0.08125555693213615
0.237821025233115,-0.08355963408057365
0.32135563512002263,-0.09532082021532962
0.30965558944209937,-0.10030346011641011
0.21494391656691025,-0.10429359549906714
0.2651792956936745,-0.09664825894939366
0.3154146748204385,-0.08911626255927396
0.3260194101641256,-0.08079437711345616
0.24848162743353064,-0.0867028687130752
0.2077487822501891,-0.08574050220090956
0.1562359717584425,-0.0882284439618315
0.1370709326959425,-0.07802137688024724
0.12782669067382812,-0.07991247983714245
0.11895397145261044,-0.07788640112426148
0.11008125223139298,-0.09128809686916972
0.10120853301017507,-0.10330549401430345
0.11626671206566597,-0.11681756925820119
0.13132489112115686,-0.12078356387010258
0.1446365848664315,-0.12156479868722792
0.1457976679648123,-0.10832449690026436
0.14695875106319312,-0.11904975549498598
0.14811983416157393,-0.14251526789878732
0.14928091725995474,-0.16684612824549128
0.18340301513671875,-0.18233061074024404
0.23267044559601824,-0.18382621499436402
0.2715716208181074,-0.18532181924848412
0.29132670740927424,-0.1868174235026041
0.2964900847404235,-0.1883130277567242
0.3016534620715725,-0.1898086320108442
0.3092941038070187,-0.19130423626496418
0.3169347455424647,-0.19279984051908428
0.31835784208939377,-0.19429544477320426
0.3197809386363226,-0.19579104902732436
0.3212040351832517,-0.19728665328144435
0.32262713173018076,-0.18814003408251712
0.32405022827710983,-0.17569205061120186
0.3254733248240387,-0.17098065276644125
0.32689642137096775,-0.1697278631662651
0.26909822033297637,-0.16847507356608882
0.2035367411951865,-0.16722228396591265
0.19035144225792955,-0.1659694943657365
0.1771661433206726,-0.16471670476556022
0.16398084438341565,-0.16346391516538405
0.15079554544615847,-0.1622111255652079
0.13761024650890152,-0.16095833596503162
0.12442494757164457,-0.15970554636485546
0.11123964863438762,-0.17722810204349349
0.12692986765215464,-0.19556438389109143
0.14262008666992188,-0.19381999167205521
0.15419141707881812,-0.192075599453019
0.13530768117597036,-0.19033120723398267
0.24446868896484375,-0.18858681501494645
0.2118529042889994,-0.18684242279591035
0.30736221805695574,-0.18076591198393688
0.25602168421591487,-0.1746894011719633
0.29810357862903225,-0.16861289035998994
0.3061096437515751,-0.16253637954801636
0.314115708874118,-0.15645986873604278
0.2904830440398185,-0.15038335792406932
0.165803478610131,-0.14430684711209574
0.19265611710086938,-0.10319298891285755
0.15695879536290325,-0.0951972063105695
0.16482974636939263,-0.08720142370828154
0.19643598987210176,-0.08734014457335726
0.23253877701297876,-0.08747886543843286
0.29372110674458174,-0.09445759787488339
0.21999039188508074,-0.10519310491002021
0.2714340456070439,-0.11213205821478545
0.29612178187216487,-0.11642547151935634
0.278200949392011,-0.11430859921583492
0.366332269483997,-0.11065909162682686
0.3037899386498235,-0.10115696541705532
0.3557122753512474,-0.09066764869500155
0.3286116815382434,-0.0699591185916123
0.3015110877252394,-0.0599800223734841
0.364046404438634,-0.05997017627924839
0.3015110877252394,-0.059960330185012456
0.290342761624244,-0.059950484090776635
0.25278239096364663,-0.0599406379965407
0.244201906265751,-0.05993079190230488
0.20409017993557832,-0.05992094580806906
0.20241512790802996,-0.05991109971383313
0.20074007588048137,-0.059901253619597306
0.2037968174103768,-0.05989140752536137
0.20685355894027224,-0.05988156143112566
0.222199470766129,-0.06885744920417447
0.23994285829605588,-0.08055615780958492
0.314115708874118,-0.09235841362037467
0.2508981766239289,-0.09300631243198065
0.29372110674458174,-0.09202980155375462
0.3095121076030116,-0.09105329067552859
0.3233931756788684,-0.09007677979730255
0.3638941857122606,-0.08910026891907652
0.3097991943359375,-0.08812375804085049
0.4014573866321194,-0.08587130266635568
0.34595772527879287,-0.07644038413887588
0.3653031215872815,-0.07626304816250773
0.38464851789577037,-0.07760027985074625
0.403993914204259,-0.08482611357276115
0.397654789750294,-0.07425678310109607
0.391315665296329,-0.06013283800722946
0.384976540842364,-0.05316086195001557
0.3541352877052881,-0.04603242636913096
0.3232940345682125,-0.04437081256316078
0.2924527814311366,-0.04270919875719059
0.314115708874118,-0.041047584951220406
0.267637437389743,-0.03938597114525033
0.221159165905368,-0.037724357339280146
0.2780622666881931,-0.04283278735715956
0.30636042933310237,-0.04388450508687036
0.3401534788070186,-0.04583132919387434
0.33748688236359636,-0.044658603952891784
0.2969706135411416,-0.05675480021766166
0.24340180427797375,-0.06532894912643816
0.32718892251291587,-0.06684799573907807
0.33659965761246213,-0.06439785933613185
0.3255019034108808,-0.05555239245666199
0.3144041492092995,-0.056014331419076524
0.22951593706684736,-0.06826129362950872
0.353301509734123,-0.06749850600513063
0.2725352625693045,-0.06747557986435015
0.29711224955897175,-0.06382235247104318
0.3187426905478201,-0.07128427989447295
0.23267044559601824,-0.08120537753128887
0.2638990340694305,-0.09167047756821367
0.2791717283187374,-0.08569001914256846
0.2681381471695439,-0.08972008548565769
0.28153413341891387,-0.09194126413829296
0.261446799001386,-0.10529278048235391
0.29485001102570574,-0.10620139961812036
0.2306975087811869,-0.11533685940415117
0.29499127787928425,-0.1149575911944185
0.30264995944115425,-0.11985186676480875
0.28236930601058474,-0.11960150116118629
0.355410668157762,-0.12240114733947449
0.35661783526020674,-0.1413702514041123
0.21095362017231611,-0.11309062900827893
0.20160494568527398,-0.10675022258094291
0.19225627119823163,-0.100409816153607
0.1829075967111895,-0.11035262530122825
0.20019838886876262,-0.12061412298857277
0.21748918102633574,-0.11874898274739587
0.23477997318390886,-0.11952513130150033
0.27460381292527725,-0.12288669567203048
0.33173530332503787,-0.12605391924654075
0.31642643097908274,-0.12205307993722792
0.2924527814311366,-0.1281970579232743
0.35300076392389124,-0.13160735932155632
0.32485112836284014,-0.13403950401799591
0.3713807136781755,-0.12917270945079296
0.37000114687027463,-0.12216733106926303
0.366332269483997,-0.11352349276566387
0.3724549816500755,-0.11059122417696676
0.3108045516475555,-0.10337024897485225
0.34819965977822576,-0.10058328049692944
0.2636262216875631,-0.10115468798585203
0.2972536394673009,-0.10001726292852142
0.33527054325226824,-0.09480270461656559
0.3199032198998235,-0.09936804320681747
0.25818769393428687,-0.10290975238553324
0.3340904481949345,-0.11026858808982432
0.302792210732737,-0.11740021207439366
0.26485455420709436,-0.12409426561042447
0.3425301582582536,-0.12571093810731504
0.29937990250126,-0.13120592411477772
0.24647288168630288,-0.13192475731693099
0.3388191961473035,-0.13562558302238803
0.3458083368116809,-0.1288463535593517
0.4001916454684349,-0.11377704677297107
0.2508981766239289,-0.08831377171758392
0.222199470766129,-0.09002553961961024
0.22081498176820813,-0.0941209471509099
0.21943049277028726,-0.09821635468220957
0.21804600377236638,-0.10231176221350913
0.22324088311964463,-0.10640716974480902
0.24874988678962962,-0.11050257727610857
0.2669053846789944,-0.11459798480740824
0.2983872198289441,-0.13175372223355875
0.3292392607658141,-0.14761944671175375
0.3495474784604964,-0.1575551199082711
0.3638941857122606,-0.17161279175412003
0.3814041383804814,-0.17639053876127175
0.3520986495479461,-0.18952919120219214
0.41036445863785276,-0.1923146413926461
0.4216156005859375,-0.1896477694535137
0.4347996865549395,-0.18698089751438118
0.4453443711803806,-0.18431402557524879
0.4481645399524319,-0.18164715363611628
0.4627247471963205,-0.1716693479623368
0.4831657409667969,-0.16364588191853235
0.4984261297410535,-0.16681097989058613
0.5075952468379852,-0.17291176259814212
0.5167643639349169,-0.17909718983208955
0.5054400044102823,-0.179378908071945
0.4899002813523816,-0.1563220427403995
0.4873046875,-0.15298143073694026
0.42307170744865163,-0.16861037828435943
0.4440200559554561,-0.16726639021688428
0.46932208153509314,-0.16521556341826027
0.39624700238627764,-0.16743970273145992
0.377536404517389,-0.1732388776333178
0.37260855397870474,-0.1750489799537469
0.41292473577683975,-0.15537614964727142
0.3543554736721901,-0.15759246978000618
0.37276224936208413,-0.15957125383823068
0.30037393877583174,-0.1610912873377255
0.33305949549521174,-0.17680996567455687
0.2603591180616809,-0.17735966165267414
0.4014573866321194,-0.1697339110113495
0.34119243006552424,-0.1647619750369248
0.221159165905368,-0.1656778060381685
0.32004817839591726,-0.15845804546602926
0.31426005209645913,-0.15069230872007155
0.359037091655116,-0.1406732056271377
0.3199032198998235,-0.12930032151255444
0.2262419423749369,-0.1304957451511971
0.21908261699061238,-0.1483470859812267
0.28014373779296875,-0.14877182690065294
0.3236845693280619,-0.14021248129469843
0.278200949392011,-0.12035571046136506
0.23888126496345774,-0.12680091668124227
0.21494391656691025,-0.13666264927802396
0.25832330026934214,-0.14154591726426458
0.24767758769373738,-0.13980656713988648
0.4102047335716985,-0.13146464029947913
0.304075179561492,-0.12387722641674437
0.2659476495558215,-0.13544938576162158
0.33055976129347275,-0.14486626013001402
0.260495093560988,-0.14878382137165735
0.29085270051033274,-0.13432387926092193
0.3212103074596775,-0.1308093474278995
0.30264995944115425,-0.13619683868256371
0.2262419423749369,-0.15096271571828357
0.29146735898910037,-0.14707908820157023
0.367859132828251,-0.14204740761524404
0.36282939295614924,-0.13117092758861937
0.31195486745526724,-0.1336236450802627
0.29612178187216487,-0.14520096660253423
0.32485112836284014,-0.15280584079116133
0.37015422697990163,-0.14423586717292447
0.4102047335716985,-0.13951019742595616
0.33473876214796494,-0.11891607028334883
0.2592727907242314,-0.10967425446012125
0.3049315175702494,-0.1044903004855744
0.2681381471695439,-0.1033002464332391
0.2338563242266256,-0.10211019238090391
0.2498336915046937,-0.1009201383285685
0.265811058782762,-0.0997300842762332
0.30037393877583174,-0.09854003022389801
0.32835991151871213,-0.0973499761715626
0.3108045516475555,-0.09615992211922741
0.3724549816500755,-0.09496986806689212
0.3912214463756931,-0.11172333522815614
0.40526470061271413,-0.11650184137904229
0.4114837646484375,-0.1297640065055582
0.42436772008096013,-0.1327068271921642
0.43332598286290325,-0.13260677204796334
0.4453443711803806,-0.13359836559390548
0.4481645399524319,-0.13052064506568717
0.5012257483697706,-0.12507181499727926
0.4164559148973035,-0.12520944775633547
0.45885455223821814,-0.11708524333896919
0.45885455223821814,-0.11691739665928169
0.5098485639018397,-0.10784957657999072
0.40892742526146675,-0.1086411357519046
0.43594754126764124,-0.10441726001340956
0.4232335244455645,-0.1055624283368315
0.4683041726389239,-0.104291697639731
0.37015422697990163,-0.10998466833313902
0.407651839717742,-0.1145266252963697
0.4102047335716985,-0.12310191292074779
0.4521596354822959,-0.13362766854205532
0.41919363698651724,-0.13878506333080687
0.4282665867959299,-0.13651127601737412
0.42032303348664324,-0.13948336169494324
0.4389051621960056,-0.14245544737251248
0.3046460305490801,-0.1264236222452192
0.4161343728342364,-0.08783763676733525
0.36093856442359185,-0.08660802635585085
0.3057427560129473,-0.08537841594436679
0.319032730594758,-0.08414880553288251
0.32077610877252405,-0.08291919512139811
0.32251948695028987,-0.08505609194964847
0.34342304352791087,-0.08719298877789872
0.37015422697990163,-0.08932988560614896
0.40003352011403726,-0.1043301862270678
0.42307170744865163,-0.1191180784310868
0.4453443711803806,-0.11755518705031698
0.462893332204511,-0.11599229566954716
0.4833377715080016,-0.11442940428877735
0.5028040485997354,-0.11286651290800775
0.5280363021358367,-0.11130362152723794
0.5224290417086694,-0.10974073014646812
0.5168217812815019,-0.10713377995277518
0.5112145208543348,-0.0976242900487796
0.5056072604271673,-0.08420004773495804
0.5,-0.07682314440978699
0.5021045438704952,-0.06507934266655002
0.5042090877409904,-0.06495293764332633
0.5226531490202873,-0.06655290973720263
0.407651839717742,-0.06815288183107893
0.4282665867959299,-0.06975285392495523
0.4062188671481224,-0.07135282601883164
0.3664847343198714,-0.07295279811270794
0.3949881522886214,-0.07455277020658435
0.3260194101641256,-0.07615274230046065
0.33748688236359636,-0.07775271439433695
0.33748688236359636,-0.07935268648821325
0.3083647451093119,-0.08095265858208955
0.3975074521956905,-0.09659648534670395
0.37000114687027463,-0.11158668935595462
0.3398566707488029,-0.11278351741050607
0.40637797694052424,-0.11398034546505753
0.4548321385537424,-0.11517717351960899
0.41036445863785276,-0.11637400157416045
0.46120846656061,-0.1175708296287119
0.3899691181798135,-0.11876765768326336
0.43332598286290325,-0.11996448573781482
0.4282665867959299,-0.12116131379236628
0.3873135966639365,-0.11409877188763218
0.4051055908203125,-0.10962589700423664
0.45049298194146936,-0.09958295679804108
0.39861186858146413,-0.1038560250505286
0.36282939295614924,-0.10281387253187191
0.4667794012254285,-0.10311753002565294
0.42177717147334937,-0.098639796622357
0.4193548387096775,-0.09305788865729947
0.40526470061271413,-0.09225605574017925
0.45868658250378025,-0.09145422282305926
0.29146735898910037,-0.09065238990593905
0.38388787546465464,-0.09585229674382001
0.38233480145854326,-0.09115987749242072
0.4481645399524319,-0.09039686212492226
0.3108045516475555,-0.08828363371132619
0.32455936554939524,-0.08617040529773012
0.320492898264239,-0.1171297291618082
0.31642643097908274,-0.13444815109025188
0.46932208153509314,-0.1444773507948539
0.34119243006552424,-0.14854341004025284
0.3899691181798135,-0.15260946928565178
0.3724549816500755,-0.15667552853105082
0.4374251827116935,-0.16074158777644976
0.45082609115108374,-0.16264356546734104
0.46424336587229087,-0.16013008800905137
0.518188722672001,-0.15761661055076182
0.43463577762726824,-0.15425648855332708
0.47476811562815024,-0.15812235210665426
0.4720413454117314,-0.15343547460451645
0.5169423011041456,-0.13615880558146765
0.42064605220671614,-0.1359306196272867
0.44269758655178926,-0.13570243367310586
0.4347996865549395,-0.1354742477189249
0.4308746091781124,-0.13524606176474396
0.4308746091781124,-0.13501787581056313
0.4763051925166961,-0.13478968985638218
0.379855248235887,-0.1395945382948539
0.42307170744865163,-0.14911640224172107
0.42307170744865163,-0.15234170031191696
0.4374251827116935,-0.16319198987970307
0.44022258635490163,-0.1697728550849269
0.4466705322265625,-0.17437007771202584
0.45600361977854087,-0.17167461858883604
0.45583614226310476,-0.168979159465646
0.5070248265420236,-0.1662837003424562
0.42032303348664324,-0.1635882412192664
0.45617109729397676,-0.1608927820960766
0.44269758655178926,-0.1581973229728867
0.4466705322265625,-0.15550186384969678
0.4282665867959299,-0.14904246164198542
0.485750506001134,-0.1392432824889226
0.3887186358051915,-0.13557509996404693
0.4347996865549395,-0.1261854788557214
0.47493891562184976,-0.11828491818252485
0.42696528280934976,-0.11620744543882155
0.4102047335716985,-0.11645371166627794
0.35933980634135576,-0.11369430010591575
0.4548321385537424,-0.11388264366643341
0.4090870272728704,-0.11599951596995495
0.36282939295614924,-0.12138374290656095
0.44005781604397676,-0.11276169202814057
0.4268027274839339,-0.1076627513069418
0.41259071903844036,-0.10702800276267588
0.3983787105929466,-0.10639325421840995
0.3841667021474531,-0.10575850567414391
0.3699546937019593,-0.10512375712987798
0.3557426852564658,-0.10448900858561194
0.34153067681097204,-0.10385426004134601
0.3273186683654785,-0.10321951149707997
0.313106659919985,-0.10258476295281405
0.3912214463756931,-0.10946784327872361
0.33896723101215986,-0.12411043537196831
0.40892742526146675,-0.13242078183302242
0.43726090461977063,-0.1465583915141091
0.5040333655572706,-0.15038272990516166
0.4374251827116935,-0.15277785369215124
0.49720370384954626,-0.15517297747914072
0.5110863716371599,-0.1575681012661303
0.565036404517389,-0.15616118018306901
0.47374466926820813,-0.15475425910000773
0.5180106624480216,-0.15334733801694655
0.5214010669339089,-0.14756623073596864
0.5616851314421623,-0.14157605527052242
0.4493280226184475,-0.13746832852339863
0.5,-0.1328126012191646
0.569521750173261,-0.12815687391493047
0.5314603005686114,-0.12350114661069655
0.5427139036117061,-0.13094925761815923
0.551695546796245,-0.13068579678511738
0.49007341938634075,-0.13042233595207553
0.5712085846931703,-0.1371250943362613
0.46003070954353587,-0.1438278527204473
0.5024532195060485,-0.15053061110463306
0.48747745636970774,-0.1652301389779618
0.4627247471963205,-0.16492336899486937
0.45600361977854087,-0.17022158494636197
0.4625560391333796,-0.17105241715413821
0.45583614226310476,-0.17188324936191435
0.5197936027280745,-0.1727140815696906
0.42420565697454626,-0.17354491377746684
0.471190667921497,-0.17437574598524297
0.46796515680128525,-0.17520657819301932
0.5082593117990801,-0.17603741040079557
0.39373090190272175,-0.1768682426085717
0.44385467037077864,-0.17769907481634795
0.44022258635490163,-0.17573145017101988
0.49284990372196313,-0.1727705618635339
0.44121182349420374,-0.1604697004479555
0.4440200559554561,-0.14463327891791045
0.39012564382245474,-0.14797381500699625
0.44368928478610137,-0.14221145857625928
0.434963595482611,-0.14078445271896656
0.4295697366037676,-0.13935744686167373
0.33911551198651724,-0.137930441004381
0.3325073242187502,-0.1365034351470883
0.3258991364509829,-0.13507642928979546
0.31929094868321584,-0.13364942343250263
0.31268276091544855,-0.13222241757520992
0.3060745731476815,-0.13014585580398785
0.2978944265714256,-0.1483527795592351
0.3264034913859486,-0.16761870882404384
0.354912556200472,-0.16605325683940786
0.383421621014995,-0.164487804854772
0.45032648886403726,-0.162922352870136
0.43994811273390244,-0.16135690088549992
0.4295697366037676,-0.15979144890086394
0.44700228783392126,-0.15822599691622796
0.451659417921497,-0.1566605449315921
0.5040333655572706,-0.15018094950054417
0.46813460319272937,-0.14370135406949625
0.395932105279738,-0.13722175863844843
0.4792151912566154,-0.0920751011786769
0.35933980634135576,-0.06032459771455223
0.4027247275075605,-0.0422374668406017
0.41132379347278225,-0.03313874961131846
0.424530029296875,-0.03012745415986473
0.49007341938634075,-0.025696408096237522
0.4102047335716985,-0.029906771076259275
0.4667794012254285,-0.024722730342428445
0.46053535707535276,-0.013839949422807862
0.5033307229318926,0.002003076657727032
0.41420721238659275,-0.003603958964940923
0.4382471884450605,-0.006610092239000331
0.4725520226263231,-0.0072676625417832375
0.4295697366037676,-0.0014776732791123015
0.39263214603547136,3.628707050684632e-05
0.4295697366037676,0.006523701682019656
0.41292473577683975,0.004716727033776458
0.4655949992518271,0.0029097523855332597
0.2992381434286795,0.0011027777372900616
0.38965643605878286,-0.0007041969109530255
0.32251948695028987,-0.0025111715591962236
0.3420840847876765,-0.0039787482266402385
0.29485001102570574,-0.017685088352184408
0.386533921764743,-0.0212319597082945
0.34969723609186,-0.03539606350571367
0.2890791123913181,-0.04612709159281714
0.4177433136970765,-0.06336701805911849
0.37769083822927163,-0.06683767138428953
0.3824899734989289,-0.07621081907357741
0.3885622332173009,-0.08559087497084883
0.34238163117439524,-0.10554420888720462
0.44385467037077864,-0.10963538630091729
0.39766520838583674,-0.12026696655880753
0.40256623298891125,-0.12204245192494556
0.35828030493951624,-0.12987248814521146
0.431854494156376,-0.12779668551772383
0.373991935483871,-0.13438377570157023
0.3824899734989289,-0.13131121735074625
0.3567689464938255,-0.13817486359705378
0.44104680707377764,-0.12774840397621268
0.40003352011403726,-0.11539455432796952
0.41132379347278225,-0.10908159094663405
0.4347996865549395,-0.11348743343827739
0.46390558058215725,-0.12282991172069346
0.4751094695060485,-0.1368703510037702
0.4888612070391256,-0.14185086530239432
0.4403873566658265,-0.1385452498250933
0.5368902144893524,-0.13392715074529693
0.4308746091781124,-0.13633690070157023
0.4776735613423009,-0.13433192618450718
0.514098874984249,-0.1432237008317786
0.4295697366037676,-0.1497260705748601
0.4710207293110509,-0.14558721893462379
0.5183670290054814,-0.13935912782280002
0.4613768054592995,-0.1202920183020445
0.4944151601483744,-0.11445420298410292
0.3614623777327999,-0.13015739478875155
0.4374251827116935,-0.12628280108247825
0.4792151912566154,-0.11920029369752794
0.4655949992518271,-0.10466162838152981
0.39357388404107874,-0.10271624664762125
0.3132507570328251,-0.10924002424401436
0.41036445863785276,-0.11759781718847173
0.4177433136970765,-0.11233361087628269
0.42436772008096013,-0.10846759549420859
0.45049298194146936,-0.10843791297419159
0.47750251523910037,-0.10210688197197604
0.25183979157478587,-0.09638521564540581
0.25804634504420787,-0.09910059686916972
0.2642528985136299,-0.11497831581836904
0.2704594519830519,-0.12252967037371731
0.2766660054524741,-0.11901650499941696
0.2828725589218959,-0.10304749901614974
0.2890791123913181,-0.12105042819755396
0.35782660207440786,-0.13905335737895808
0.33645186885710676,-0.1570562865603623
0.3109481565413936,-0.1666516356207245
0.3899691181798135,-0.16624496232217822
0.3015110877252394,-0.16117676692222482
0.3471527099609375,-0.16964281376321522
0.34610686763640364,-0.16454402487076336
0.384976540842364,-0.16029107392723885
0.33527054325226824,-0.1771014768685868
0.30037393877583174,-0.16286350838580532
0.38016473093340464,-0.15475881396241453
0.3257270320769279,-0.15099710492945428
0.28139483544134314,-0.14824915643948222
0.3236845693280619,-0.14713260783484916
0.3617660768570439,-0.14582543823849503
0.261446799001386,-0.14413421782688118
0.29598026890908513,-0.14101611085199006
0.23161783526020674,-0.13987656019220307
0.2459884766609437,-0.149461964469644
0.2603591180616809,-0.1573254030142257
0.2541305788101689,-0.17136121152052242
0.2681381471695439,-0.18111294419018187
0.29499127787928425,-0.1896924071050995
0.31296268586189524,-0.1989945748552161
0.33394327471333174,-0.20273145988805974
0.35179827290196575,-0.21005044054629196
0.3651123046875,-0.2101080405771436
0.377536404517389,-0.21016564060799514
0.38622222408171614,-0.2102232406388468
0.3910647976783015,-0.21028084066969843
0.3899691181798135,-0.20575831778606968
0.3724549816500755,-0.20241960364194655
0.3664847343198714,-0.1965874059876399
0.37630204231508313,-0.1932757932748368
0.38388787546465464,-0.18981341461637125
0.3860664367675781,-0.18673842700559706
0.3964043894121725,-0.18699714319029848
0.4232335244455645,-0.18237820905239432
0.43103777977728064,-0.1778611520036536
0.3814041383804814,-0.15208002346665117
0.45617109729397676,-0.1334944388166589
0.40003352011403726,-0.13308632314501712
0.3738379939909904,-0.12878767174867845
0.3519482766428301,-0.08814296437733204
0.3336304449266003,-0.08441851981243687
0.3153126132103705,-0.08069407524754157
0.2969947814941407,-0.07696963068264628
0.2786769497779107,-0.0732451861177511
0.2857057017664755,-0.06952074155285581
0.29273445375504026,-0.06579629698796063
0.3146670556837512,-0.06207185242306534
0.33659965761246213,-0.05834740785817005
0.36267754339402725,-0.08163345868314675
0.39357388404107874,-0.09336670832847482
0.41292473577683975,-0.09088409955228738
0.4308746091781124,-0.08840149077609993
0.4466705322265625,-0.0859188819999126
0.4613768054592995,-0.08343627322372515
0.4792151912566154,-0.08095366444753771
0.49580850908833174,-0.07847105567135026
0.4846061583488219,-0.07598844689516282
0.4734038076093119,-0.07350583811897549
0.5224741043583039,-0.05904809752507001
0.5173998801938948,-0.0407937272864195
0.512325656029486,-0.03615179109336131
0.4996500322895665,-0.038538276744827016
0.47887236072171113,-0.040924762396292724
0.4734038076093119,-0.04331124804775843
0.4493280226184475,-0.04569773369922403
0.41549165787235376,-0.04808421935068963
0.37276224936208413,-0.05047070500215545
0.37276224936208413,-0.052857190653621156
0.37276224936208413,-0.05524367630508675
0.3618297576904297,-0.05763016195655235
0.3777721528084048,-0.06001664760801817
0.3937145479263797,-0.06240313325948388
0.40965694304435485,-0.08828401328319346
0.42559933816232975,-0.09764292702746036
0.4415417332803049,-0.10042446762768187
0.3885622332173009,-0.10320600822790349
0.45316105504189763,-0.105987548828125
0.4722115301316785,-0.10876908942834651
0.5024532195060485,-0.11155063002856813
0.49479250754079507,-0.11433217062878964
0.48713179557554187,-0.11382502465698852
0.496854720577117,-0.08259104258978545
0.5233692046134704,-0.08343624068899358
0.5465537040464339,-0.08428143878820193
0.48592302876134075,-0.08512663688741007
0.5,-0.0859718349866182
0.47647623861989663,-0.08681703308582633
0.4667794012254285,-0.08766223118503469
0.45065959807365163,-0.08850742928424282
0.4308746091781124,-0.10570848759134022
0.384976540842364,-0.12757706523534673
0.465426045079385,-0.13943921748678478
0.43103777977728064,-0.13955896608469687
0.398927504016507,-0.13967871468260917
0.4940671613139491,-0.13979846328052126
0.42436772008096013,-0.13991821187843334
0.5265980382119455,-0.13687627513654244
0.49580850908833174,-0.13383433839465142
0.5070248265420236,-0.13079240165276051
0.5208650404407131,-0.1277504649108695
0.48161795831495713,-0.1247085281689786
0.5485706944619455,-0.12166659142708758
0.5340037807341544,-0.11862465468519667
0.5194368670063634,-0.11558271794330566
0.5268042779737903,-0.11254078120141475
0.5341716889412171,-0.10114975355157807
0.501401101389239,-0.10288084652795215
0.45600361977854087,-0.10461193950432635
0.4398930457330519,-0.10634303248070043
0.4149210529942666,-0.10807412545707462
0.3899490602554814,-0.1098052184334487
0.3649770675166961,-0.11153631140982279
0.378177519767515,-0.11326740438619709
0.39137797201833413,-0.11499849736257117
0.4039169434578187,-0.11672959033894525
0.4164559148973035,-0.11846068331531945
0.4027247275075605,-0.12019177629169353
0.47887236072171113,-0.12192286926806772
0.38233480145854326,-0.1236539622444418
0.34969723609186,-0.14368252730488185
0.40383517357610876,-0.16132677372415272
0.417904269310736,-0.16807988864272383
0.39137797201833413,-0.17483300356129505
0.4164559148973035,-0.17685130105089786
0.4511894718293221,-0.17886959854050066
0.48592302876134075,-0.17615307860113494
0.49860086748676924,-0.1652022024885339
0.4802441750803301,-0.15876891482528765
0.4258280108051915,-0.16703416814851524
0.45583614226310476,-0.1634731008045709
0.44022258635490163,-0.15234709023243154
0.4613768054592995,-0.14737485060051303
0.4014573866321194,-0.1489110234958022
0.35797783636277725,-0.1504471963910914
0.35560364261750244,-0.15198336928638068
0.35322944887222785,-0.15351954218166985
0.35085525512695304,-0.15505571507695892
0.34848106138167845,-0.17163678069612875
0.34610686763640364,-0.18971100612659364
0.3713807136781755,-0.20330279146260888
0.4024078615250126,-0.20389732246968284
0.42566570158927663,-0.2044918534767568
0.4481645399524319,-0.20508638448383087
0.47357423843876,-0.20568091549090484
0.4860956745762979,-0.2062754464979789
0.4940671613139491,-0.20686997750505287
0.5040333655572706,-0.20746450851212683
0.5125028548702117,-0.2080590395192009
0.5125028548702117,-0.20865357052627487
0.518188722672001,-0.20924810153334883
0.5180106624480216,-0.20288366820681747
0.511263201313634,-0.19633605349716265
0.5010506414598035,-0.1898355816134173
0.477844730500252,-0.18180642199160446
0.4518261571084299,-0.1810019042361436
0.4167777030698714,-0.1801973864806825
0.4102047335716985,-0.17939286872522153
0.35933980634135576,-0.17858835096976056
0.3629643532537645,-0.17778383321429958
0.36658890016617307,-0.17697931545883872
0.37021344707858184,-0.17617479770337763
0.3738379939909904,-0.17537027994791665
0.37514711195422756,-0.17653623362678783
0.37645622991746475,-0.17770218730565923
0.40494672713741187,-0.18316885725182686
0.432344744282384,-0.1958087522592118
0.40892742526146675,-0.21070656847597946
0.5038575203188005,-0.21584673070195892
0.42032303348664324,-0.22356099750272074
0.4792151912566154,-0.23486396447936098
0.49860086748676924,-0.2437882304784671
0.5616851314421623,-0.24342442809699716
0.5269574811381679,-0.24306062571552756
0.5456380536479335,-0.24269682333405773
0.556123548938382,-0.2423330209525878
0.569521750173261,-0.2419692185711182
0.57553223640688,-0.24160541618964837
0.5829046926190775,-0.24124161380817866
0.5905200589087702,-0.24087781142670883
0.5922411026493195,-0.240514009045239
0.5968445808656755,-0.2401502066637693
0.595307873141381,-0.23978640428229947
0.591858402375252,-0.21715815150322604
0.5933901879095262,-0.20183976965757155
0.5907110398815525,-0.19208636687169622
0.5827146960842995,-0.18674222272426932
0.579684595907888,-0.18355199709460512
0.5605705015120968,-0.18064220548664556
0.5356206586284022,-0.177732413878686
0.4873046875,-0.17482262227072642
0.4295697366037676,-0.17191283066276697
0.416457303658059,-0.1690030390548073
0.4033448707123506,-0.16609324744684784
0.39023243776664196,-0.16318345583888827
0.37712000482093355,-0.1602736642309286
0.37841141168972325,-0.15736387262296914
0.37970281855851273,-0.15445408101500968
0.38099422542730244,-0.15154428940705
0.3822856322960919,-0.14863449779909044
0.3835770391648816,-0.160640280045087
0.4114837646484375,-0.17066439348666818
0.4308746091781124,-0.1777897165782416
0.4466705322265625,-0.17842489214085822
0.4667794012254285,-0.17906006770347482
0.47493891562184976,-0.17969524326609143
0.49424116073116187,-0.18033041882870804
0.5,-0.18096559439132465
0.5084356492565525,-0.18160076995394125
0.5084356492565525,-0.18223594551655786
0.5212223914361769,-0.18287112107917447
0.5212223914361769,-0.1779775287381452
0.481961650233115,-0.17884523002662467
0.5309189827211442,-0.1564610419581779
0.566529304750504,-0.1481782524146844
0.5253411569902975,-0.14182163826861782
0.5096717342253654,-0.13546502412255135
0.4996500322895665,-0.12910840997648476
0.49825139199533774,-0.1410794993538168
0.4776735613423009,-0.15604996562597173
0.472381837906376,-0.14334728943174746
0.4546649071478075,-0.139658837769162
0.45868658250378025,-0.14320692375524724
0.46407441169984875,-0.1519496025730721
0.47068072903540825,-0.16061333044251402
0.425503392373362,-0.15963942494558458
0.4776735613423009,-0.16454030506646455
0.5183670290054814,-0.16944118518734452
0.4763051925166961,-0.15088505531424912
0.4491617756505166,-0.13286275531522074
0.4627247471963205,-0.12663261451531405
0.45065959807365163,-0.13343006342797725
0.4613768054592995,-0.1302241994373834
0.47647623861989663,-0.1322355355789413
0.4984261297410535,-0.13424687172049898
0.5169423011041456,-0.1362582078620569
0.5341716889412171,-0.13826954400361469
0.5458210360619329,-0.1402808801451726
0.555753646358367,-0.14682758388234607
0.5676505796370968,-0.15084451703882928
0.5738382647114415,-0.15900888015974812
0.5783615112304688,-0.17133114942863803
0.5798736080046623,-0.17346464697994401
0.5842331917055192,-0.17410690788408223
0.5876578054120463,-0.17474916878822033
0.5876578054120463,-0.17539142969235855
0.5922411026493195,-0.17603369059649676
0.5937733804025958,-0.17667595150063475
0.599731937531502,-0.17731821240477297
0.5830941969348538,-0.17106878935401115
0.5876578054120463,-0.16215591051092193
0.5620570028981855,-0.15625576949238185
0.5456380536479335,-0.14943539443893816
0.5169423011041456,-0.14510364437577739
0.48471586165889624,-0.1407718943126166
0.48178974274666087,-0.13644014424945583
0.4769623927806379,-0.13210839418629505
0.47213504281461516,-0.12777664412313428
0.4673076928485924,-0.13210763504256062
0.46248034288256945,-0.14587994475862875
0.4576529929165465,-0.15501540454465956
0.45282564295052374,-0.1675660242488728
0.447998292984501,-0.16561603071677744
0.45851861276934214,-0.1636660371846821
0.4912872314453125,-0.16171604365258663
0.46120846656061,-0.15976605012049128
0.5618709441154235,-0.15328486048760104
0.5323633993825605,-0.15558779892043684
0.5544608331495715,-0.1430418859073772
0.566529304750504,-0.12275710983655941
0.5798736080046623,-0.12090545704906452
0.5542762510238155,-0.11905380426156975
0.6665422993321573,-0.11720215147407498
0.61077634749874,-0.1152402204067553
0.6138972620810232,-0.11327828933943562
0.6135066863029235,-0.11459532780433768
0.6183995892924647,-0.12216262437810943
0.6264729653635333,-0.12912708491235225
0.6342096636372228,-0.13518467234141796
0.6373997349892893,-0.14227249373250928
0.6407994916362147,-0.14923976309856968
0.645416505875126,-0.1483543737610774
0.650053208874118,-0.14242902917055345
0.5968445808656755,-0.13730108915869865
0.7085650044102823,-0.13973877560439985
0.5968445808656755,-0.1394647626734492
0.6504573206747732,-0.13919074974249845
0.6405991585023942,-0.1383676861056048
0.7098442815965222,-0.10670752074587997
0.6360028174615675,-0.08398384359938593
0.6438084263955393,-0.07417563063588306
0.624695562547253,-0.07405462312461131
0.6231182467552923,-0.07217240214940923
0.6201666555097025,-0.07699759563996422
0.6185957385647682,-0.07591983928016166
0.6182034400201613,-0.0745791155307447
0.6215428998393397,-0.0788538538994481
0.6213462583480343,-0.08030093368606184
0.6201666555097025,-0.0760110124426695
0.6138972620810232,-0.07489453975240978
0.5964601578251008,-0.06762801592622825
0.5483870967741935,-0.07405409172399724
0.5414370875204764,-0.07566658893034828
0.5109094189059349,-0.07086986332983525
0.49007341938634075,-0.05865114126632465
0.4389051621960056,-0.05445730864112053
0.434963595482611,-0.05026347601591652
0.4388105741111181,-0.05735680119908271
0.44265755273962526,-0.07792860951589708
0.4465045313681326,-0.09993512357645362
0.45986261675434736,-0.11450696347364742
0.4696614665369834,-0.12916701587278456
0.4899002813523816,-0.14244770410642105
0.4984261297410535,-0.1516736538255986
0.511263201313634,-0.1620692922108209
0.5251617431640625,-0.17094368246657343
0.5425312903619581,-0.17819805999300375
0.5528008245652722,-0.18472350770561252
0.5635454731602823,-0.1840573590786303
0.5751554427608367,-0.18215464122259795
0.5846131847750755,-0.1802519233665656
0.5874673166582662,-0.16872903245005444
0.5951159077305948,-0.1676728357723103
0.5922411026493195,-0.17110090113397858
0.5922411026493195,-0.17193436504003423
0.5968445808656755,-0.16992946643734452
0.6045618364887853,-0.16416483257540426
0.602627169701361,-0.16656228440317944
0.606112080235635,-0.16153136296058768
0.5999246412707913,-0.15822301456584265
0.5933901879095262,-0.1520247578027829
0.5770401493195565,-0.14418234753964554
0.5137439850837953,-0.12981001061586595
0.5800628662109375,-0.12986444122162621
0.5012257483697706,-0.12991887182738648
0.47887236072171113,-0.12997330243314675
0.4800522799865441,-0.13002773303890702
0.4812321992513773,-0.1300821636446673
0.48241211851621,-0.13013659425042756
0.483592037781043,-0.13019102485618783
0.48477195704587595,-0.1302454554619481
0.4859518763107089,-0.1407164009056281
0.48713179557554187,-0.14283091986357277
0.5180106624480216,-0.1464915109511039
0.5458210360619329,-0.14881365572042138
0.570645978373866,-0.15366686161477772
0.595307873141381,-0.1559824777479789
0.6103867561586442,-0.15777093181958057
0.630830334078881,-0.15955938589118202
0.6391983032226562,-0.1613478399627838
0.6569440287928427,-0.16313629403438545
0.6646979547316028,-0.1649247481059869
0.6700350853704637,-0.16671320217758867
0.6747781076738912,-0.1587256436324238
0.6762257237588205,-0.16053551820973255
0.6665422993321573,-0.1561806901770445
0.666747554655998,-0.15042744347112091
0.6452154344128025,-0.14397426624203202
0.6391983032226562,-0.1379408954980954
0.6045618364887853,-0.13550897854477617
0.572147000220514,-0.13423480639607943
0.5500399681829637,-0.13296063424738291
0.5283961142263105,-0.13168646209868629
0.496854720577117,-0.13226940857237246
0.45885455223821814,-0.13285235504605875
0.42842951128559736,-0.13343530151974503
0.43218120451896413,-0.13401824799343132
0.43152790684853826,-0.14644649372765084
0.4308746091781124,-0.1559964459926928
0.4466705322265625,-0.17104571138448388
0.47085079070060476,-0.18240629737056901
0.49146086169827363,-0.18210129872285707
0.5026285725255166,-0.18179630007514502
0.5212223914361769,-0.1814913014274332
0.5414370875204764,-0.17462089880188902
0.5572335027879285,-0.16202055518306901
0.5283961142263105,-0.1591950981178094
0.5151641599593624,-0.1659744034952192
0.48868806900516626,-0.17686060056164488
0.49545989498015364,-0.17876635499261506
0.5094951506583922,-0.17827617588327893
0.514098874984249,-0.16421288637379505
0.5253411569902975,-0.15786356000757928
0.5427139036117061,-0.1597936070380519
0.5500399681829637,-0.1578344848025498
0.5635454731602823,-0.16076728479186098
0.5736502370526713,-0.1601856288625233
0.5781727452431955,-0.15955523590543375
0.585753902312248,-0.15225052714940923
0.588992457236013,-0.15366936678910137
0.591858402375252,-0.15624848171253114
0.5979985883159022,-0.1566739817756918
0.595307873141381,-0.15226297710665426
0.591858402375252,-0.1334121476358442
0.5842331917055192,-0.12642817710762588
0.566529304750504,-0.1265125908543222
0.5603846888388357,-0.1265970046010183
0.5354393989809099,-0.12668141834771462
0.5052640361170615,-0.12676583209441072
0.46424336587229087,-0.12685024584110705
0.47460086884037134,-0.12881891051335126
0.484958371808452,-0.13078757518559536
0.4953158747765325,-0.1327562398578397
0.5056733777446132,-0.1347249045300839
0.5160308807126937,-0.13669356920232822
0.5263883836807743,-0.13866223387457244
0.5367458866488548,-0.15540514893792756
0.5471033896169355,-0.16870982611357277
0.4308746091781124,-0.16820428469557402
0.49284990372196313,-0.16769874327757528
0.5137439850837953,-0.1671932018595763
0.511263201313634,-0.16668766044157757
0.5222953058058215,-0.16618211902357882
0.5327246881300403,-0.16567657760558008
0.5410725993494834,-0.16517103618758133
0.5500399681829637,-0.1646654947695826
0.5590859690020162,-0.16415995335158362
0.5751554427608367,-0.16365441193358488
0.5983835035754788,-0.16314887051558613
0.599731937531502,-0.14734046138934231
0.606112080235635,-0.14090899567105875
0.606112080235635,-0.14640367802102772
0.539979996219758,-0.1238570331934079
0.5829046926190775,-0.09401106953027827
0.6105816748834425,-0.08918754803811357
0.5354393989809099,-0.08436402654594888
0.5147877600885207,-0.07954050505378418
0.4941361211961317,-0.07471698356161949
0.4734844823037423,-0.06989346206945479
0.4528328434113533,-0.06506994057729021
0.43218120451896413,-0.06024641908512551
0.44385467037077864,-0.05542289759296082
0.4916343688964844,-0.05059937610079612
0.474489273563508,-0.04577585460863143
0.45734417823053186,-0.04095233311646673
0.45885455223821814,-0.044062572601746286
0.5312799023043724,-0.04717281208702584
0.4493280226184475,-0.07010555741798818
0.47374466926820813,-0.08842088689851524
0.5309189827211442,-0.09280246209544729
0.5531694965977823,-0.09192882261597835
0.5633594143775202,-0.0910551831365094
0.569521750173261,-0.09018154365704045
0.569521750173261,-0.08930790417757128
0.569521750173261,-0.08843426469810234
0.5725225633190525,-0.08756062521863339
0.5601991222750755,-0.06815182510300066
0.5352582623881679,-0.06810308807524879
0.5028040485997354,-0.06810885756763063
0.48161795831495713,-0.07012177778911433
0.4440200559554561,-0.07213469801059813
0.4413748183008712,-0.07414761823208182
0.43872958064628653,-0.07982145850338151
0.4360843429917014,-0.08549529877468132
0.4334391053371165,-0.091169139045981
0.4307938676825316,-0.09684297931728081
0.4418873823549707,-0.1260692539499767
0.4529808970274096,-0.14543235361279538
0.46407441169984875,-0.15486296848278136
0.496854720577117,-0.15188196286633238
0.5226531490202873,-0.1570118007375233
0.5368902144893524,-0.15742123031178246
0.5443577920236895,-0.1578306598860416
0.555938720703125,-0.15824008946030077
0.5633594143775202,-0.1586495190345597
0.5740262923702117,-0.15905894860881886
0.6391983032226562,-0.15946837818307802
0.5983835035754788,-0.15987780775733718
0.6090247861800655,-0.16028723733159622
0.6185957385647682,-0.16069666690585538
0.5736502370526713,-0.16110609648011442
0.629243666125882,-0.16151552605437347
0.6350215788810485,-0.16192495562863263
0.6407994916362147,-0.16233438520289178
0.6342096636372228,-0.14091567613592193
0.5738382647114415,-0.14293466107235098
0.5383429988738029,-0.1449536460087799
0.49284990372196313,-0.14697263094520885
0.5676505796370968,-0.14899161588163778
0.5196152963945944,-0.15101060081806683
0.48471586165889624,-0.15302958575449577
0.46949177403603826,-0.1550485706909247
0.4751094695060485,-0.15706755562735364
0.4833377715080016,-0.15908654056378269
0.4930237800844255,-0.16405604727825718
0.4493280226184475,-0.17707862664217977
0.5502238119802167,-0.17564027700851215
0.45986261675434736,-0.162153025764731
0.5620570028981855,-0.16607931715932056
0.5110863716371599,-0.17532386589999227
0.514098874984249,-0.18338293578494247
0.5253411569902975,-0.1889860997745647
0.4722115301316785,-0.1916588171204524
0.5265980382119455,-0.18849614840834883
0.5830941969348538,-0.18526014641149724
0.5312799023043724,-0.18869284254994556
0.5325440437563005,-0.19150471094235855
0.4902466804750505,-0.18906497480857432
0.587276581794985,-0.18772083491235225
0.5309189827211442,-0.18408453642432365
0.5212223914361769,-0.16945052265527827
0.5126800537109375,-0.16462062247356968
0.4916343688964844,-0.16109007270775033
0.4860956745762979,-0.16669217389614432
0.4912872314453125,-0.17250440607023476
0.5038575203188005,-0.15842950166161385
0.5137439850837953,-0.16498895901352617
0.5269574811381679,-0.16484510127584728
0.551511456889491,-0.1588852156454058
0.5153418510190901,-0.18363785625097173
0.5770401493195565,-0.17958736894142568
0.587276581794985,-0.17362209339046952
0.5691471715127268,-0.17012312400400342
0.590329077935988,-0.16598009707322758
0.46813460319272937,-0.168901661735269
0.48851505402595774,-0.1720876361600202
0.48747745636970774,-0.16427566756063428
0.5283961142263105,-0.17347284573227617
0.4425323240218624,-0.17657379605876866
0.4996500322895665,-0.18639476263701027
0.5498563704952117,-0.18092110856848564
0.495634263561618,-0.1925352485618781
0.49982501614478325,-0.18797006180037312
0.4984261297410535,-0.19502341806592038
0.5,-0.19437693126166045
0.45617109729397676,-0.18983918754615592
0.49424116073116187,-0.1853014438306514
0.5042090877409904,-0.17112124618606184
0.566529304750504,-0.15704808780803015
0.5267776981476815,-0.1502933786876166
0.5469200380386845,-0.12419477624086595
0.5601991222750755,-0.11873364804395992
0.570645978373866,-0.11327251984705378
0.5356206586284022,-0.10781139165014775
0.5905200589087702,-0.10235026345324161
0.61077634749874,-0.09688913525633547
0.612335697297127,-0.09142800705942944
0.6183995892924647,-0.0859668788625233
0.6217397874401462,-0.08050575066561727
0.6262753394342238,-0.08913759449821201
0.6356041200699345,-0.09587066802219368
0.7017669677734375,-0.10308063564015857
0.6565377020066785,-0.10813683656910755
0.6649027178364415,-0.10457258082147858
0.6745713756930443,-0.10404585653276588
0.6799569899036038,-0.10351913224405307
0.68307618171938,-0.10299240795534059
0.6847433274792087,-0.10246568366662778
0.6862042334771925,-0.10193895937791508
0.6780897571194557,-0.09304460364194655
0.6780897571194557,-0.08339216697275342
0.6764327018491683,-0.07573308992148631
0.6766396799395162,-0.07204714343322449
0.6663372901178175,-0.060998869179493154
0.6583685105846775,-0.061764528897666704
0.6199702601278982,-0.06253018861584003
0.5951159077305948,-0.06329584833401347
0.5487542921496975,-0.06406150805218702
0.48592302876134075,-0.06482716777036035
0.43103777977728064,-0.0655928274885339
0.39012564382245474,-0.06635848720670745
0.3913797768213414,-0.06712414692488078
0.3926339098202285,-0.06788980664305422
0.3938880428191154,-0.06865546636122777
0.39475348687941025,-0.0694211260794011
0.3956189309397051,-0.07018678579757465
0.396484375,-0.09202013917230256
0.3973498190602949,-0.11127900840038096
0.4193548387096775,-0.12739168233539333
0.444185564594884,-0.1431978899448072
0.4627247471963205,-0.14469834443725982
0.4763051925166961,-0.14619879892971221
0.4940671613139491,-0.14769925342216483
0.5040333655572706,-0.14919970791461723
0.518188722672001,-0.15070016240706985
0.529476534935736,-0.15220061689952225
0.5381612470073085,-0.15370107139197486
0.5439921963599421,-0.15520152588442726
0.5414370875204764,-0.15670198037687977
0.5425312903619581,-0.15820243486933228
0.5352582623881679,-0.15970288936178478
0.514098874984249,-0.151729147232587
0.49424116073116187,-0.1389887415947606
0.481961650233115,-0.12332312740496731
0.4802441750803301,-0.12129887626033609
0.4193548387096775,-0.11927462511570475
0.511263201313634,-0.11725037397107341
0.41388653170677925,-0.11830354250881014
0.465426045079385,-0.11935671104654677
0.4480643979964716,-0.12040987958428351
0.4307027509135586,-0.12146304812202002
0.41334110383064515,-0.12251621665975676
0.39597945674773194,-0.12356938519749339
0.3786178096648185,-0.12462255373523012
0.4193548387096775,-0.13365234071342502
0.453494902580015,-0.1336237969090096
0.4011407667590725,-0.14407113298254814
0.5155195420788181,-0.15727750104458182
0.48299358737084175,-0.15094851973044932
0.5827146960842995,-0.15146807770230875
0.5425312903619581,-0.14664098635241762
0.579684595907888,-0.14266018843769435
0.5255205708165323,-0.14302822132015702
0.4389051621960056,-0.1531498847316154
0.5800628662109375,-0.15755648636699315
0.5253411569902975,-0.15542405161691542
0.5210437159384451,-0.14717967474638527
0.5267776981476815,-0.13481732268831625
0.5222953058058215,-0.14031443429823542
0.5155195420788181,-0.14182505441542292
0.5265980382119455,-0.1483974172108209
0.5070248265420236,-0.14773620301811252
0.5024532195060485,-0.13596939921972173
0.49702921221333174,-0.12475707400497515
0.5237275400469381,-0.11928425499455841
0.5139213069792716,-0.11658208287177396
0.4164559148973035,-0.1138799107489894
0.4044656445903163,-0.11512904380684463
0.3924753742833291,-0.11637817686469998
0.42023683363391506,-0.11383747461423355
0.447998292984501,-0.11493792937169622
0.44121182349420374,-0.1160383841291589
0.39373090190272175,-0.11713883888662158
0.4052427968671244,-0.12155310787371731
0.41675469183152725,-0.13779134418240824
0.4282665867959299,-0.14349532245996577
0.48713179557554187,-0.15889698237328975
0.5601991222750755,-0.16459465975785137
0.43857611379315786,-0.17204816068582862
0.4087679463048135,-0.19250533829874072
0.511263201313634,-0.19273878083665197
0.5251617431640625,-0.19297222337456355
0.5888017223727318,-0.1932056659124748
0.5028040485997354,-0.19343910845038637
0.6150699738533265,-0.1936725509882976
0.5691471715127268,-0.19390599352620919
0.5827146960842995,-0.19413943606412043
0.587276581794985,-0.194372878602032
0.602627169701361,-0.19460632113994325
0.607664538967994,-0.19483976367785472
0.6199702601278982,-0.19507320621576607
0.6294420303836945,-0.19530664875367754
0.6405991585023942,-0.1955400912915889
0.63536375312395,-0.18270016191017568
0.6301283477455055,-0.1686083285962764
0.6248929423670615,-0.14539295405297725
0.6045618364887853,-0.1453705006517041
0.5425312903619581,-0.14534804725043116
0.5024532195060485,-0.145325593849158
0.4466705322265625,-0.14530314044788484
0.4334895226263231,-0.1452806870466118
0.4336531854444934,-0.14525823364533863
0.4478322921260711,-0.14523578024406558
0.4362757282872354,-0.14521332684279242
0.44269758655178926,-0.14519087344151926
0.43600818675051434,-0.14516842004024622
0.42931878694923964,-0.14514596663897306
0.4445907018517936,-0.14917901262122002
0.45986261675434736,-0.1532120586034671
0.46003083259828625,-0.17254775317747206
0.46019904844222537,-0.18530660600804572
0.47904377598916326,-0.19682744723647383
0.45600361977854087,-0.19631474053681786
0.5661559566374748,-0.19580203383716188
0.5327246881300403,-0.1952893271375058
0.5396158772130166,-0.19477662043784982
0.551695546796245,-0.19426391373819385
0.5620570028981855,-0.19375120703853776
0.5738382647114415,-0.1932385003388818
0.581387919764365,-0.1927257936392257
0.5907110398815525,-0.19221308693956973
0.5995392337922127,-0.19170038023991376
0.6074703585716985,-0.19118767354025767
0.6010820942540323,-0.1906749668406017
0.5933901879095262,-0.17579825481965172
0.5740262923702117,-0.15338855952172725
0.5414370875204764,-0.14958238635574916
0.5137439850837953,-0.14951424657813672
0.4521596354822959,-0.14944610680052417
0.46003070954353587,-0.14937796702291184
0.5024532195060485,-0.1493098272452994
0.518188722672001,-0.14924168746768696
0.5194368670063634,-0.14917354769007451
0.5082593117990801,-0.14910540791246218
0.495634263561618,-0.14903726813484974
0.49702921221333174,-0.1489691283572373
0.492676273469002,-0.1587431798526897
0.4916343688964844,-0.17132720188121886
0.4944151601483744,-0.16895404265294622
0.485750506001134,-0.17214874723064366
0.5040333655572706,-0.18021950792910446
0.4984261297410535,-0.19360867780239432
0.4521596354822959,-0.19643087054959574
0.5412548434349798,-0.18791039310284519
0.4944151601483744,-0.1789068724978623
0.48299358737084175,-0.16486240975299282
0.4625560391333796,-0.16653074198101292
0.41132379347278225,-0.1681990742090329
0.4382903806624874,-0.18540795169659519
0.4652569678521925,-0.20053867321109298
0.4347996865549395,-0.21319769864058613
0.4466705322265625,-0.2140364765527829
0.465426045079385,-0.21967053769239742
0.47647623861989663,-0.22070623748931129
0.447998292984501,-0.22061817681611473
0.5080827282321068,-0.22053011614291818
0.570645978373866,-0.22044205546972173
0.5269574811381679,-0.21786662239340404
0.5368902144893524,-0.21529118931708646
0.48471586165889624,-0.21271575624076877
0.5935816611013105,-0.2101403231644512
0.492676273469002,-0.19968486425295395
0.5161460753410094,-0.19521009151022228
0.5396158772130166,-0.19247102500194346
0.539979996219758,-0.18308686972850596
0.5325440437563005,-0.1778856723462764
0.514098874984249,-0.17349896027674128
0.4984261297410535,-0.16195458559254505
0.48471586165889624,-0.15743960353667863
0.4546649071478075,-0.1580048583463819
0.45734417823053186,-0.15857011315608538
0.4375894608036164,-0.15913536796578864
0.4491617756505166,-0.15970062277549202
0.48868806900516626,-0.16026587758519528
0.43726090461977063,-0.16083113239489877
0.44005781604397676,-0.16139638720460203
0.43726090461977063,-0.16739681111046334
0.4374251827116935,-0.1746696358296409
0.4271278381347656,-0.17693082135708182
0.41549165787235376,-0.1829131017276897
0.4193548387096775,-0.18394576494966575
0.424530029296875,-0.18541918702386506
0.3949881522886214,-0.1936020732519046
0.446836410030242,-0.19532472221412467
0.46019904844222537,-0.19554373518151436
0.465426045079385,-0.19900664524059386
0.4683041726389239,-0.19551359717525651
0.45734417823053186,-0.19202905151974503
0.462893332204511,-0.1881256103515625
0.4710207293110509,-0.19160522157280002
0.4751094695060485,-0.19213259872512434
0.48747745636970774,-0.19243473793143662
0.481961650233115,-0.1864763705884639
0.48299358737084175,-0.17064867921136506
0.46796515680128525,-0.16603966455159092
0.446836410030242,-0.16737128701112491
0.444185564594884,-0.1687029094706588
0.3949881522886214,-0.1700345319301928
0.49720370384954626,-0.17365731765974812
0.44005781604397676,-0.16407616458722019
0.4491617756505166,-0.16690382316930974
0.42696528280934976,-0.17478092630111164
0.38124921244959675,-0.17868801135921952
0.4627247471963205,-0.18809668697527981
0.3912214463756931,-0.19518412879450409
0.4805874978342364,-0.19616403152693562
0.4546649071478075,-0.20095688549440294
0.46003070954353587,-0.19864094672511468
0.4320177878102949,-0.1963250079558263
0.5356206586284022,-0.19400906918653804
0.49284990372196313,-0.19169313041724967
0.49825139199533774,-0.18511044326706316
0.5068486121393019,-0.17690539004197758
0.45617109729397676,-0.1740206438510572
0.555938720703125,-0.15507234032474349
0.5196152963945944,-0.15439336216864896
0.5169423011041456,-0.14209234892432365
0.45617109729397676,-0.12381110499747361
0.5354393989809099,-0.10833649137126866
0.45986261675434736,-0.10720020502953975
0.5084356492565525,-0.08125555693213615
0.3545062157415575,-0.07814613424525729
0.35597982714253096,-0.07503671155837832
0.3574534385435042,-0.07245216812462751
0.35892704994447766,-0.0698676246908767
0.3604006613454511,-0.06728308125712579
0.35202395531439,-0.06469853782337498
0.3574442299463414,-0.06211399438962417
0.362864504578293,-0.06162896796838557
0.3682847792102444,-0.061143941547147085
0.40129901516822075,-0.06992419797982741
0.43463577762726824,-0.07591179235657652
0.45717657766034536,-0.08924000298798973
0.47357423843876,-0.08993907314825611
0.446836410030242,-0.09063814330852249
0.5531694965977823,-0.09133721346878887
0.46813460319272937,-0.09203628362905525
0.5781727452431955,-0.09273535378932152
0.4912872314453125,-0.09343442394958801
0.5888017223727318,-0.09413349410985428
0.5487542921496975,-0.08862538756818128
0.5485706944619455,-0.08311728102650806
0.558715328093498,-0.06030888343924912
0.5574185771326865,-0.05000995996579605
0.512325656029486,-0.05535326905511506
0.564663548623362,-0.07007321789490051
0.6213462583480343,-0.0740650233937733
0.5800628662109375,-0.0775779610249534
0.5354393989809099,-0.06163708131704759
0.6452154344128025,-0.05174445157027363
0.607664538967994,-0.060615197936100706
0.6183995892924647,-0.05684232949024404
0.6733324604649698,-0.06349018913003346
0.57553223640688,-0.07013804876982277
0.6373997349892893,-0.06347587927063902
0.6536958755985383,-0.049444397883628755
0.607664538967994,-0.03923386404565721
0.5888740785660282,-0.029023330207685438
0.5700836181640625,-0.030501767691490378
0.6841177171276462,-0.03198020517529532
0.587276581794985,-0.03345864265910037
0.5751554427608367,-0.03493708014290531
0.595307873141381,-0.03641551762671025
0.512325656029486,-0.04081619794095925
0.513922599054152,-0.04521687825520837
0.5155195420788181,-0.04118248479283271
0.5528008245652722,-0.036901141873639576
0.578550523327243,-0.04776372956992381
0.5443577920236895,-0.08864680807388836
0.5574185771326865,-0.10290846184118474
0.47887236072171113,-0.0824810426626632
0.576663109564012,-0.09730309633473255
0.6947996077998992,-0.1014676829475668
0.5949241884293095,-0.10563226956040117
0.5920498755670363,-0.13728264196595152
0.48178974274666087,-0.14681824641441232
0.6344085201140373,-0.1497202251681048
0.631227308704007,-0.16343567501846235
0.4831657409667969,-0.16544502726439414
0.5753437165291078,-0.16745437951032605
0.5280363021358367,-0.16946373175625773
0.6326180734942037,-0.17147308400218952
0.5830941969348538,-0.17348243624812143
0.5891834382087953,-0.17549178849405322
0.599731937531502,-0.1775011407399849
0.6030140538369455,-0.17951049298591681
0.615265630906628,-0.1815198452318486
0.6121405324628275,-0.1835291974777803
0.6182034400201613,-0.1855385497237122
0.6183995892924647,-0.187547901969644
0.6154610418504285,-0.17215975481479318
0.5999246412707913,-0.15762845319301932
0.5827146960842995,-0.14783276610113494
0.5498563704952117,-0.14901838298298986
0.5110863716371599,-0.15020399986484478
0.4944151601483744,-0.15138961674669982
0.48036826923329357,-0.15257523362855474
0.4663213783182123,-0.15376085051040966
0.45227448740313125,-0.15494646739226448
0.4382275964880502,-0.1561320842741194
0.43951590937952845,-0.15731770115597432
0.4408042222710067,-0.15850331803782924
0.4420925351624849,-0.15968893491968428
0.44338084805396294,-0.1608745518015392
0.4625560391333796,-0.17164065232917447
0.485750506001134,-0.18262029998931129
0.5068486121393019,-0.18385570317358524
0.5255205708165323,-0.18509110635785908
0.5341716889412171,-0.18632650954213303
0.5458210360619329,-0.18756191272640688
0.555753646358367,-0.18879731591068094
0.5676505796370968,-0.1879797408829874
0.5768516294417843,-0.18716216585529388
0.5876578054120463,-0.18634459082760024
0.5907110398815525,-0.1855270157999067
0.6057242116620463,-0.18470944077221307
0.6072761781754032,-0.18389186574451954
0.607664538967994,-0.1716802037177394
0.6028206117691532,-0.16502160219410755
0.5964601578251008,-0.15000961075967822
0.5888017223727318,-0.15872237931436572
0.5472866181404359,-0.15661724843393698
0.514098874984249,-0.15451211755350858
0.4763051925166961,-0.15240698667307995
0.42420565697454626,-0.15030185579265132
0.4153062553815945,-0.1481967249122228
0.4064068537886425,-0.14609159403179417
0.3975074521956905,-0.14398646315136554
0.4044956084220641,-0.14188133227093702
0.4114837646484375,-0.1397762013905084
0.41919363698651724,-0.15601208435362246
0.4374251827116935,-0.16921913564501712
0.4521596354822959,-0.17965675467875464
0.47493891562184976,-0.17714321290412094
0.49146086169827363,-0.17462967112948713
0.5082593117990801,-0.17211612935485343
0.5110863716371599,-0.16960258758021962
0.5283961142263105,-0.1670890458055857
0.529476534935736,-0.164575504030952
0.5367088317871094,-0.1620619622563182
0.5267776981476815,-0.1595484204816845
0.512325656029486,-0.15703487870705068
0.48437106224798376,-0.13811337295456316
0.4655949992518271,-0.1317070348938899
0.45871846906600466,-0.12291062767825911
0.451841938880182,-0.12833318188415832
0.5953191326510521,-0.13375573609005753
0.47717811215308403,-0.12903759704893492
0.4366338022293583,-0.12431945800781252
0.430874147722798,-0.12457490481349764
0.4251144932162376,-0.12483035161918277
0.4193548387096775,-0.12508579842486778
0.4833377715080016,-0.1253412452305529
0.501401101389239,-0.12559669203623802
0.5125028548702117,-0.12585213884192314
0.5196152963945944,-0.12436520400925066
0.5169423011041456,-0.14425067047574625
0.5240858754804056,-0.15186556536166818
0.5237275400469381,-0.1534900461941131
0.5339907984579764,-0.15511452702655804
0.5368902144893524,-0.15673900785900297
0.5472866181404359,-0.1583634886914479
0.5590859690020162,-0.15998796952389283
0.5676505796370968,-0.16161245035633776
0.567837376748362,-0.16323693118878269
0.5770401493195565,-0.15425018766033116
0.5736502370526713,-0.14800509172885568
0.564663548623362,-0.14257205185012434
0.5542762510238155,-0.13710659653393187
0.5471033896169355,-0.1318206787109375
0.5026285725255166,-0.12372281658115669
0.4944151601483744,-0.12452829338820226
0.4478322921260711,-0.12533377019524772
0.444185564594884,-0.12613924700229318
0.4204844813193045,-0.12694472380933874
0.40367643294795874,-0.1277502006163842
0.3910647976783015,-0.12855567742342977
0.34476397114415325,-0.13649738368703357
0.38373245731476824,-0.14349570203183304
0.41292473577683975,-0.15147369536594368
0.40256623298891125,-0.16160188741351833
0.38666648249472346,-0.14160680059176778
0.37076673200053545,-0.1480724277781017
0.35486698150634766,-0.16769439545436882
0.33896723101215986,-0.1698840696420243
0.3738379939909904,-0.1574272041890159
0.36282939295614924,-0.16298557869830532
0.4295697366037676,-0.16742550674362566
0.4548321385537424,-0.16734238050470307
0.4833377715080016,-0.16725925426578048
0.49580850908833174,-0.16533945567572295
0.5183670290054814,-0.1616762834994947
0.5339907984579764,-0.15361205143715018
0.551511456889491,-0.1453232646581546
0.567837376748362,-0.14675933686061882
0.5830941969348538,-0.14337393537682686
0.5876578054120463,-0.13818093674692944
0.601468240061114,-0.13624952325773476
0.5937733804025958,-0.12395238164645528
0.6090247861800655,-0.09812471759853081
0.5922411026493195,-0.09690798732574113
0.5861343876008065,-0.09569125705295134
0.579684595907888,-0.09447452678016166
0.5830941969348538,-0.09325779650737209
0.5605705015120968,-0.0920410662345823
0.5487542921496975,-0.09082433596179262
0.5096717342253654,-0.08960760568900294
0.5080827282321068,-0.08839087541621315
0.4940671613139491,-0.09488042828257792
0.4831657409667969,-0.1013699811489428
0.48041583645728325,-0.10538053749805654
0.48299358737084175,-0.11057065138176303
0.5381612470073085,-0.11608818395813902
0.4812644835441344,-0.10194313466845462
0.42436772008096013,-0.10350636344643971
0.433173559045279,-0.12349917283698697
0.4419793980095976,-0.14973927967583955
0.45078523697391626,-0.1681145055970149
0.4902466804750505,-0.18236097648962224
0.46796515680128525,-0.18437206211374768
0.4888612070391256,-0.18638314773787312
0.5139213069792716,-0.18839423336199856
0.5338096618652344,-0.19040531898612412
0.5469200380386845,-0.19241640461024956
0.5572335027879285,-0.194427490234375
0.565036404517389,-0.19643857585850044
0.5725225633190525,-0.19844966148262588
0.5811986615580897,-0.20046074710675144
0.5844231882402975,-0.20247183273087688
0.579684595907888,-0.19913258718613958
0.569521750173261,-0.1934399201502255
0.57553223640688,-0.18194458615127485
0.5618709441154235,-0.1749256190968983
0.5425312903619581,-0.16709011704174437
0.529476534935736,-0.16253540646377485
0.5194368670063634,-0.1564376603311567
0.49424116073116187,-0.17881736945157023
0.501401101389239,-0.17559290643948222
0.47085079070060476,-0.1551692070652596
0.45868658250378025,-0.14812564375388682
0.4870142167614353,-0.1377561958275031
0.5153418510190901,-0.13878035663965327
0.45751190185546875,-0.13424044936450563
0.48299358737084175,-0.1336721868996258
0.4996500322895665,-0.13310392443474584
0.5137439850837953,-0.1325356619698661
0.5298369622999621,-0.13196739950498626
0.49860086748676924,-0.13139913704010642
0.570645978373866,-0.13083087457522646
0.628055449455015,-0.13026261211034673
0.579684595907888,-0.13379240273243154
0.5922411026493195,-0.13732219335451645
0.601468240061114,-0.15818019885921952
0.601468240061114,-0.1696762920019046
0.606112080235635,-0.1688677786199212
0.6217397874401462,-0.16805926523793802
0.6278575774162047,-0.16725075185595462
0.6344085201140373,-0.16644223847397122
0.6328166838615172,-0.16563372509198804
0.6340103149414062,-0.16482521171000464
0.64200198265814,-0.16401669832802135
0.6389982161983367,-0.16320818494603806
0.6422025619014617,-0.16239967156405477
0.6472283640215475,-0.16159115818207137
0.6436073549332157,-0.1607826448000882
0.6452154344128025,-0.1599741314181048
0.6472283640215475,-0.15026316476698542
0.6436073549332157,-0.1350134854292988
0.630830334078881,-0.12324106396727297
0.6233151343560988,-0.12366190989538484
0.585753902312248,-0.1240827558234967
0.5844231882402975,-0.12450360175160846
0.555753646358367,-0.12492444767972044
0.5410725993494834,-0.1253452936078323
0.5026285725255166,-0.12576613953594407
0.47374466926820813,-0.12618698546405593
0.475069445948447,-0.1266078313921677
0.4763942226286857,-0.12702867732027956
0.4777189993089246,-0.12744952324839154
0.47904377598916326,-0.1278703691765033
0.4984261297410535,-0.12829121510461516
0.5183670290054814,-0.12871206103272703
0.5296568101452244,-0.1407855588998368
0.5441749326644405,-0.15632545888720462
0.5483870967741935,-0.1663956523534671
0.566529304750504,-0.16164371623328666
0.558900648547757,-0.16181308120044313
0.5725225633190525,-0.1581489221373601
0.570645978373866,-0.1990310896688433
0.514098874984249,-0.20212223438876575
0.555938720703125,-0.2052133791086883
0.5935816611013105,-0.2034335413184728
0.5528008245652722,-0.20165370352825718
0.5576036514774445,-0.18048657469488494
0.5325440437563005,-0.17188737404287158
0.5126800537109375,-0.1784021937431981
0.5155195420788181,-0.18989487073907807
0.5194368670063634,-0.20345568301072758
0.5253411569902975,-0.2063222097520211
0.5339907984579764,-0.20358310528655554
0.5383429988738029,-0.20084400082108989
0.5544608331495715,-0.19810489635562423
0.5576036514774445,-0.19536579189015857
0.5618709441154235,-0.18415187247356968
0.563173355594758,-0.17861262838638836
0.495634263561618,-0.17655709489661064
0.5427139036117061,-0.1721107141295476
0.5427139036117061,-0.17067965227573068
0.569334460842994,-0.16632118035311727
0.46407441169984875,-0.1621621354895445
0.5410725993494834,-0.16032777852679958
0.49007341938634075,-0.15849342156405477
0.4219388654155116,-0.15665906460130985
0.5109094189059349,-0.15482470763856504
0.44269758655178926,-0.16469699233325563
0.4361115732500631,-0.16612289200967822
0.42940681211410037,-0.17437197557136197
0.41919363698651724,-0.1839526731576493
0.4114837646484375,-0.19229422042618938
0.41919363698651724,-0.19204719505499845
0.4114837646484375,-0.19395393637282343
0.4127643954369329,-0.19155318226980333
0.4177433136970765,-0.18915242816678324
0.4308746091781124,-0.18865860516752175
0.3949881522886214,-0.18582316536215404
0.4481645399524319,-0.18298772555678633
0.48041583645728325,-0.16962922509036849
0.43857611379315786,-0.1470463691066154
0.45583614226310476,-0.14211497140761042
0.37769083822927163,-0.13718357370860546
0.36957660798103587,-0.1322521760096005
0.3614623777327999,-0.1317031632608442
0.3664847343198714,-0.131154150512088
0.39624700238627764,-0.13060513776333182
0.40003352011403726,-0.13005612501457553
0.4308746091781124,-0.14067571080146146
0.4413768399146296,-0.14986848593944346
0.46019904844222537,-0.15963456642568408
0.4763051925166961,-0.15943669561129903
0.4802441750803301,-0.15923882479691387
0.4916343688964844,-0.1550727958109841
0.45082609115108374,-0.1551629061722637
0.5028040485997354,-0.15334380799858127
0.49545989498015364,-0.15152470982489896
0.5410725993494834,-0.14598903371326954
0.47085079070060476,-0.11706831443369092
0.5267776981476815,-0.08968129324082708
0.4307113155241935,-0.09005699347500773
0.48851505402595774,-0.10058274909631526
0.461545144357989,-0.13557373350532498
0.5572335027879285,-0.1127119681135339
0.5126800537109375,-0.09912777421486318
0.5212223914361769,-0.09710790150201143
0.5169423011041456,-0.09508802878915967
0.444185564594884,-0.09306815607630792
0.5210437159384451,-0.09104828336345616
0.42696528280934976,-0.09288318437921061
0.42114811558877263,-0.09471808539496529
0.4153309483681955,-0.09655298641071985
0.5224741043583039,-0.10103322498833955
0.4618865597632624,-0.11195426675217657
0.40129901516822075,-0.11762226161672107
0.41535291364116045,-0.15490016652576954
0.42940681211410037,-0.19057551901138836
0.4737087372810609,-0.2153977730974036
0.5180106624480216,-0.21511936255524822
0.444185564594884,-0.21484095201309306
0.5153418510190901,-0.21456254147093778
0.5770401493195565,-0.2142841309287824
0.5483870967741935,-0.21400572038662702
0.565036404517389,-0.21372730984447186
0.5830941969348538,-0.21344889930231659
0.5922411026493195,-0.2131704887601612
0.606112080235635,-0.21289207821800604
0.6201666555097025,-0.21261366767585066
0.629640148532006,-0.2123352571336954
0.6304337286180066,-0.21205684659154
0.631227308704007,-0.21177843604938484
0.6310286983366935,-0.21150002550722946
0.6170213760868195,-0.17856335995802242
0.6030140538369455,-0.15386530178696367
0.5544608331495715,-0.15111667006763063
0.501401101389239,-0.1483680383482976
0.4374251827116935,-0.1479204566917609
0.49720370384954626,-0.14747287503522422
0.43874063799458174,-0.14702529337868764
0.42775917053222656,-0.14657771172215095
0.4167777030698714,-0.14613013006561426
0.4432195848034275,-0.14568254840907768
0.4696614665369834,-0.145234966752541
0.4581659993817728,-0.1447873850960043
0.4466705322265625,-0.1688972587016091
0.5082593117990801,-0.16462737885280632
0.43218120451896413,-0.15323642711734298
0.48713179557554187,-0.16602640484102926
0.5010506414598035,-0.17601286475338151
0.5620570028981855,-0.18523737209946367
0.5253411569902975,-0.19133542188957553
0.5368902144893524,-0.19156870675917292
0.5385247507402975,-0.1918019916287702
0.5356206586284022,-0.18955401520230875
0.5282162081810735,-0.1851371651265159
0.511263201313634,-0.18510201677161064
0.5542762510238155,-0.16026336518093132
0.5339907984579764,-0.17249696646163715
0.46813460319272937,-0.18473056774234298
0.3712272644042969,-0.1969641690230488
0.4696614665369834,-0.17512292055348255
0.46390558058215725,-0.18174720878031714
0.462893332204511,-0.18026042577639145
0.444185564594884,-0.1700406809944418
0.4667794012254285,-0.166290637470201
0.5224741043583039,-0.16254059394596032
0.4320177878102949,-0.15879055042171952
0.43942709892026843,-0.18511932524875618
0.446836410030242,-0.20086753427685788
0.453494902580015,-0.19734935855391011
0.5052640361170615,-0.18239779496074315
0.5098485639018397,-0.18593365873270362
0.5285675910211378,-0.196119090217856
0.5472866181404359,-0.19605615720226988
0.4710207293110509,-0.19570490139633867
0.5240858754804056,-0.19535364559040735
0.5410725993494834,-0.19500238978447604
0.6105816748834425,-0.19122595336306747
0.518188722672001,-0.1874495169416589
0.5601991222750755,-0.18367308052025033
0.558715328093498,-0.16329880140314057
0.569334460842994,-0.14250828377643032
0.581387919764365,-0.13356386251117458
0.5830941969348538,-0.12461944124591884
0.539979996219758,-0.14832051595052087
0.6278575774162047,-0.1503717982353856
0.5876578054120463,-0.14541208447508547
0.578550523327243,-0.12303814484705378
0.5770401493195565,-0.1248004970265858
0.564663548623362,-0.14482405173837842
0.5528008245652722,-0.14290691015139145
0.5341716889412171,-0.13671070307641475
0.5169423011041456,-0.13167079843296536
0.5502238119802167,-0.12663089378951597
0.48437106224798376,-0.12159098914606659
0.47374466926820813,-0.123467554500447
0.45733978927776375,-0.1253441198548274
0.4409349092873194,-0.1486426965514226
0.424530029296875,-0.16247718013934231
0.47357423843876,-0.1655815466126399
0.403993914204259,-0.16595049046758392
0.45617109729397676,-0.1656898932934071
0.47085079070060476,-0.16542929611923018
0.4763051925166961,-0.16516869894505337
0.48161795831495713,-0.16490810177087645
0.49702921221333174,-0.16464750459669975
0.5038575203188005,-0.16438690742252282
0.5066725207913307,-0.164126310248346
0.5110863716371599,-0.16386571307416908
0.5,-0.16360511589999227
0.4481645399524319,-0.15294666195390239
0.5139213069792716,-0.14317412874591884
0.5194368670063634,-0.14298768268324025
0.39373090190272175,-0.14280123662056166
0.39219005646244165,-0.14261479055788295
0.39064921102216177,-0.14242834449520436
0.38910836558188167,-0.14224189843252577
0.38756752014160156,-0.14205545236984718
0.38602667470132146,-0.1418690063071686
0.38448582926104136,-0.14168256024448989
0.3829449838207615,-0.1414961141818113
0.3814041383804814,-0.1413096681191327
0.41549165787235376,-0.1430873586170709
0.4389051621960056,-0.16141361976737412
0.45885455223821814,-0.17032983884289488
0.47647623861989663,-0.18661893778179417
0.48178974274666087,-0.1869063495996579
0.49580850908833174,-0.18719376141752175
0.5126800537109375,-0.18651470734705378
0.5169423011041456,-0.1804152151838464
0.5240858754804056,-0.18290391608850276
0.5309189827211442,-0.18756376807369401
0.5385247507402975,-0.18845257355799128
0.539979996219758,-0.1873483989962298
0.5412548434349798,-0.1823435161837298
0.5428963938067037,-0.17058377242206935
0.551695546796245,-0.1678560930698072
0.5414370875204764,-0.17070781650827893
0.5498563704952117,-0.16676846784145682
0.5412548434349798,-0.1620084088833178
0.5428963938067037,-0.15404612982451027
0.5341716889412171,-0.15331423935012434
0.5385247507402975,-0.1574447404092817
0.5327246881300403,-0.16295551660642105
0.5251617431640625,-0.1602030132540423
0.5052640361170615,-0.15052134955107277
0.5240858754804056,-0.14911465621113185
0.4491617756505166,-0.14770796287119092
0.44578200661092326,-0.14630126953125
0.44240223757132946,-0.14489457619130908
0.4390224685317361,-0.14348788285136815
0.4356426994921425,-0.15205519946653456
0.43226293045254915,-0.16639959990088615
0.42888316141295535,-0.17585777168843286
0.425503392373362,-0.18557557063316232
0.4413768399146296,-0.1956963989865127
0.4710207293110509,-0.20157452483675375
0.4916343688964844,-0.20310387049939105
0.511263201313634,-0.20463321616202845
0.5265980382119455,-0.20616256182466575
0.5458210360619329,-0.20769190748730304
0.5661559566374748,-0.20922125314994044
0.5861343876008065,-0.21075059881257774
0.5949241884293095,-0.21227994447521503
0.6028206117691532,-0.21380929013785244
0.6072761781754032,-0.21533863580048973
0.6154610418504285,-0.20069141293046489
0.6170272827148438,-0.19724558360541045
0.604368148311492,-0.19743939300081625
0.5800628662109375,-0.19628974572936098
0.5844231882402975,-0.1877171910224269
0.5572335027879285,-0.18316331550256526
0.539979996219758,-0.17795391936800375
0.5040333655572706,-0.17742722544504042
0.5054400044102823,-0.17368426726232122
0.4912872314453125,-0.1773683158912469
0.4996500322895665,-0.18155188109744247
0.48299358737084175,-0.17984972901605256
0.4518261571084299,-0.17478206501671334
0.5240858754804056,-0.1668197859579058
0.45316105504189763,-0.17129296449879505
0.39624700238627764,-0.15993101205398785
0.3943649107410061,-0.1587858057733792
0.39248281909573457,-0.15764059949277054
0.39060072745046304,-0.1669722220197839
0.4067022056989773,-0.16869396000952275
0.42280368394749135,-0.17033249584596544
0.4389051621960056,-0.17249529634542138
0.46424336587229087,-0.18149213648554108
0.48868806900516626,-0.19086186802802396
0.5109094189059349,-0.19900846718555654
0.5282162081810735,-0.19839035548710438
0.5472866181404359,-0.1977722437886522
0.565036404517389,-0.19715413209020005
0.5815774240801412,-0.1965360203917479
0.5933901879095262,-0.19591790869329562
0.6045618364887853,-0.19529979699484346
0.6150699738533265,-0.1946816852963913
0.6244981827274445,-0.19406357359793913
0.629243666125882,-0.19344546189948697
0.6340103149414062,-0.1843355852573072
0.6356041200699345,-0.17310359821983834
0.631227308704007,-0.16501606044484607
0.6059181459488407,-0.15517824087569965
0.5905200589087702,-0.15534262585995806
0.5487542921496975,-0.15550701084421648
0.531099380985383,-0.1556713958284749
0.4940671613139491,-0.1558357808127333
0.5210437159384451,-0.1560001657969916
0.5012257483697706,-0.15616455078125002
0.46390558058215725,-0.15632893576550844
0.4601602123629662,-0.15649332074976685
0.4564148441437752,-0.15821836860618788
0.4526694759245842,-0.1599434164626089
0.44892410770539315,-0.16166846431902981
0.4451787394862021,-0.18087950749183768
0.47085079070060476,-0.18141949275635172
0.49424116073116187,-0.18195947802086565
0.4683041726389239,-0.1824994632853797
0.5829046926190775,-0.18303944854989385
0.5544608331495715,-0.18357943381440778
0.568024419969128,-0.18411941907892182
0.579684595907888,-0.18465940434343586
0.5907110398815525,-0.1851993896079498
0.5469200380386845,-0.18573937487246384
0.5849205755418347,-0.18627936013697788
0.622921113044985,-0.1868193454014918
0.6183995892924647,-0.18735933066600596
0.6233151343560988,-0.17619612205087842
0.6010820942540323,-0.15652526551811252
0.5811986615580897,-0.13034118348686252
0.5178481686499812,-0.13438815343043886
0.4544976757418724,-0.13843512337401542
0.5323633993825605,-0.14248209331759176
0.5296568101452244,-0.13219594514869848
0.46407441169984875,-0.1317566472608458
0.5151641599593624,-0.1313173493729931
0.465426045079385,-0.13087805148514042
0.4528759782032301,-0.13043875359728785
0.44032591132707477,-0.12999945570943516
0.4381746763824135,-0.12956015782158237
0.43602344143775196,-0.1291208599337298
0.43387220649309066,-0.14026774695856659
0.43172097154842914,-0.14353274824607432
0.4295697366037676,-0.14656264271902208
0.46424336587229087,-0.1589612059332245
0.45600361977854087,-0.16953281383609298
0.5842331917055192,-0.19013802447722328
0.5546454152753275,-0.18941759707322758
0.570645978373866,-0.188697169669232
0.5815774240801412,-0.18928907403898476
0.5439921963599421,-0.1891807442280784
0.601468240061114,-0.18907241441717193
0.6569440287928427,-0.18896408460626557
0.6057242116620463,-0.1888557547953591
0.6119456137380292,-0.18874742498445274
0.6170272827148438,-0.18669917927452584
0.6168313795520413,-0.18370450907085667
0.6213462583480343,-0.1824762904228856
0.5590859690020162,-0.17344247998289797
0.6696235902847782,-0.17087171564054726
0.5999246412707913,-0.1626069178035603
0.5811986615580897,-0.15989325851058445
0.5618709441154235,-0.1571795992176087
0.4996500322895665,-0.15446593992463287
0.5222953058058215,-0.15175228063165702
0.5169423011041456,-0.14903862133868107
0.511263201313634,-0.14632496204570522
0.46796515680128525,-0.14361130275272938
0.4478828430175783,-0.14089764345975364
0.4278005292338709,-0.1381839841667778
0.42447860471663934,-0.1397300888310956
0.4211566801994078,-0.14127619349541354
0.4178347556821762,-0.15143725646669004
0.4145128311649444,-0.15538427248523012
0.4167777030698714,-0.1715522879984841
0.447998292984501,-0.17740209778743
0.5676505796370968,-0.16523552889847637
0.5068486121393019,-0.16739225624805654
0.432344744282384,-0.16603069400312886
0.5412548434349798,-0.1646691317582012
0.5576036514774445,-0.17335016810478854
0.559460219516549,-0.1732457099269279
0.5613167875556537,-0.17314125174906714
0.563173355594758,-0.1642512990467584
0.5472062387774068,-0.15536134634444965
0.5312391219600554,-0.16591071133589863
0.5152720051427042,-0.1638306764820915
0.4993048883253528,-0.16175064162828434
0.4833377715080016,-0.1596706067744772
0.5327246881300403,-0.15759057192067005
0.45583614226310476,-0.1538826102641091
0.432344744282384,-0.150846447432897
0.40383517357610876,-0.14781028460168455
0.40003352011403726,-0.14477412177047244
0.403903592017389,-0.14173795893926022
0.407773663920741,-0.138701796108048
0.41164373582409275,-0.143993479808454
0.422484859343498,-0.14928516350886012
0.43332598286290325,-0.15457684720926612
0.4400811964465725,-0.1739500434837531
0.446836410030242,-0.1910468713561101
0.4655949992518271,-0.2056004918036769
0.48299358737084175,-0.21295788513487246
0.5010506414598035,-0.21396402893572497
0.5169423011041456,-0.2149701727365776
0.5298369622999621,-0.21597631653743
0.5428963938067037,-0.2169824603382825
0.556123548938382,-0.21798860413913512
0.565036404517389,-0.21899474793998752
0.5740262923702117,-0.21763808217214708
0.57553223640688,-0.21316945849366453
0.581387919764365,-0.18959538853583646
0.57553223640688,-0.1660213185780084
0.5783615112304688,-0.1783258428621055
0.564850099625126,-0.19063036714620263
0.5471033896169355,-0.20293489143029964
0.5167643639349169,-0.21523941571439675
0.4984261297410535,-0.1998513444739195
0.4219388654155116,-0.18652078049692944
0.4167913006198021,-0.15955622279228854
0.42000892854505967,-0.15431805511019125
0.42322655647031726,-0.15238963636556535
0.42644418439557485,-0.15046121762093945
0.4296618123208322,-0.14853279887631365
0.4328794402460898,-0.14660438013168775
0.4360970681713474,-0.14467596138706185
0.4393146960966048,-0.14274754264243594
0.4425323240218624,-0.14081912389781015
0.47887236072171113,-0.1461278106103827
0.512325656029486,-0.1514364973229555
0.5309189827211442,-0.1631448470537935
0.5458210360619329,-0.1727684362610774
0.5601991222750755,-0.1792237390926228
0.570645978373866,-0.17788491320254196
0.578550523327243,-0.17654608731246113
0.5876578054120463,-0.1752072614223803
0.595307873141381,-0.17386843553229947
0.5995392337922127,-0.17252960964221864
0.6074703585716985,-0.1711907837521377
0.6150699738533265,-0.16985195786205687
0.6260777135049143,-0.16851313197197604
0.6233151343560988,-0.1631515275186567
0.6103867561586442,-0.15477885535700409
0.6057242116620463,-0.14212043724249845
0.5811986615580897,-0.12472329970022933
0.555938720703125,-0.12097520428341002
0.5210437159384451,-0.1172271088665906
0.5354393989809099,-0.1134790134497713
0.4451787394862021,-0.10973091803295187
0.44600757475822195,-0.10598282261613257
0.446836410030242,-0.10223472719931315
0.4944151601483744,-0.09848663178249384
0.4831735139252036,-0.09701337671991606
0.471931867702033,-0.09554012165733838
0.4606902214788622,-0.0940668665947606
0.4494485752556914,-0.128970701303055
0.43820692903252056,-0.13312524191380337
0.42696528280934976,-0.13245779262055601
0.581387919764365,-0.13179034332730877
0.4710207293110509,-0.1311228940340614
0.5576036514774445,-0.13045544474081416
0.5153418510190901,-0.1297879954475668
0.6170272827148438,-0.12590588621832244
0.5783615112304688,-0.12202377698907807
0.5282162081810735,-0.11814166775983359
0.5209800966324345,-0.11425955853058922
0.5137439850837953,-0.0681119700569418
0.556123548938382,-0.09080232079349349
0.5155195420788181,-0.10806114993878269
0.563173355594758,-0.11873911387884795
0.5485706944619455,-0.1084690424221666
0.6072761781754032,-0.09819897096548513
0.5532436986123361,-0.08792889950880367
0.49921121904926924,-0.07765882805212221
0.4451787394862021,-0.06738875659544086
0.4667794012254285,-0.07396589060920988
0.5226649622763357,-0.08054302462297891
0.578550523327243,-0.06483429106906868
0.4902466804750505,-0.065557552609673
0.48713179557554187,-0.0662808141502772
0.3898127155919229,-0.06700407569088151
0.569521750173261,-0.0629660383385805
0.4710207293110509,-0.07556668561489432
0.47647623861989663,-0.08947275645697295
0.3912214463756931,-0.1081576560860249
0.4944151601483744,-0.12684255571507697
0.4912872314453125,-0.12452143578980102
0.496854720577117,-0.09084050572333646
0.566529304750504,-0.10143207910642105
0.5738382647114415,-0.11377271965368474
0.5224741043583039,-0.10029085833041818
0.4544976757418724,-0.10828874123037158
0.47887236072171113,-0.12738067475124382
0.47750251523910037,-0.1284721716126399
0.4308746091781124,-0.13937172960879196
0.48592302876134075,-0.14060928572469678
0.4916343688964844,-0.14226516799547184
0.4944151601483744,-0.1439210502662469
0.492676273469002,-0.15351176854982895
0.49860086748676924,-0.1519017195820216
0.49545989498015364,-0.1502916706142141
0.4996500322895665,-0.14868162164640664
0.49545989498015364,-0.14707157267859916
0.4940671613139491,-0.14911875558729792
0.48041583645728325,-0.14002967948344214
0.47887236072171113,-0.13692485752390393
0.466610077888735,-0.13567735662507774
0.46390558058215725,-0.12768645784748134
0.44286272602696575,-0.12530912332866917
0.4258280108051915,-0.12124322540131371
0.43857611379315786,-0.1207758965183846
0.4335028125393776,-0.11974141135144589
0.42842951128559736,-0.12074408839591111
0.3975074521956905,-0.12596646588833182
0.43417912144814763,-0.1316213275662702
0.47085079070060476,-0.13069646275458646
0.3677064218828756,-0.12977159794290272
0.38109416346396174,-0.1328572894803327
0.4024078615250126,-0.1493906808729789
0.39624700238627764,-0.1577299507103156
0.4204844813193045,-0.17014179893987091
0.48437106224798376,-0.17747178718225276
0.4930237800844255,-0.17889837008803633
0.49284990372196313,-0.17187226708255599
0.48299358737084175,-0.17787565164898167
0.4802441750803301,-0.1809961878838231
0.47374466926820813,-0.18103186763934231
0.47476811562815024,-0.18106754739486164
0.47887236072171113,-0.18110322715038096
0.47887236072171113,-0.18113890690590018
0.4720413454117314,-0.17346669666802705
0.477844730500252,-0.17411978802277672
0.46796515680128525,-0.17059288214688273
0.4683041726389239,-0.16891570589435634
0.46949177403603826,-0.16450409391033116
0.453494902580015,-0.15151233578202739
0.425503392373362,-0.14781874363186853
0.4127643954369329,-0.14765825221147488
0.3922798578640283,-0.14749776079108112
0.3717953202911235,-0.14733726937068736
0.35131078271821914,-0.14717677795029382
0.35201920012724575,-0.14701628652990018
0.35272761753627235,-0.14685579510950642
0.35343603494529896,-0.14846185405399526
0.3541444523543258,-0.1500679129984841
0.3548528697633524,-0.1650096836374767
0.355561287172379,-0.18753469286866453
0.3887186358051915,-0.19211832682291663
0.4114837646484375,-0.19041218164548357
0.39373090190272175,-0.1887060364680504
0.40749248381583913,-0.18699989129061712
0.46932208153509314,-0.18529374611318405
0.4845433388986895,-0.18358760093575088
0.4996500322895665,-0.18188145575831782
0.5038575203188005,-0.18017531058088465
0.5039454121743479,-0.17846916540345148
0.5040333040298954,-0.1767630202260183
0.504121195885443,-0.17505687504858525
0.5042090877409904,-0.16111231561916972
0.481961650233115,-0.15763422268540117
0.4625560391333796,-0.15778914494300955
0.40749248381583913,-0.15794406720061804
0.3885622332173009,-0.15809898945822642
0.36513700451047604,-0.15825391171583492
0.3417117758036514,-0.1584088339734433
0.3182865470968268,-0.1585637562310518
0.2948613183900022,-0.15871867848866017
0.2956718834497596,-0.15887360074626866
0.296482448509517,-0.15902852300387715
0.2972930135692746,-0.15918344526148553
0.29810357862903225,-0.15933836751909403
0.29402156542706215,-0.1594932897767024
0.2899395522250925,-0.17261964408912467
0.2858575390231224,-0.189784567154462
0.3207094130977508,-0.19336804821716613
0.355561287172379,-0.19695152927987014
0.34476397114415325,-0.20053501034257426
0.4413768399146296,-0.20411849140527827
0.5212223914361769,-0.18890471956623134
0.4481645399524319,-0.18085278563238494
0.3652647695233744,-0.18354273554104472
0.461545144357989,-0.1901972376885106
0.47068072903540825,-0.20549747599891166
0.48299358737084175,-0.19839413011845075
0.4899002813523816,-0.19129078423798973
0.4984261297410535,-0.1841874383575287
0.556123548938382,-0.1770840924770678
0.511263201313634,-0.17430630963833182
0.5010506414598035,-0.16925458765741608
0.45885455223821814,-0.17410498471995495
0.5298369622999621,-0.20339616614194655
0.5392956272248299,-0.1985141507428677
0.5487542921496975,-0.19363213534378887
0.42566570158927663,-0.17401502618742226
0.442146957561534,-0.15439791703105565
0.45862821353379113,-0.15005576669873288
0.4751094695060485,-0.14571361636641011
0.48899443431567113,-0.14137146603408735
0.502879399125294,-0.13731519838724893
0.5167643639349169,-0.13325893074041073
0.26267205515215464,-0.1292026630935723
0.23210477828979492,-0.1291441519817903
0.23222102144713053,-0.12908564087000818
0.2323372646044659,-0.12902712975822617
0.23245350776180151,-0.12896861864644404
0.23256975091913712,-0.12891010753466203
0.23268599407647228,-0.13151676744625085
0.23280223723380788,-0.13412342735783966
0.2548089796496975,-0.15013319935964708
0.27681572206558713,-0.14976220581662003
0.267179181498866,-0.16827582364058613
0.28250848093340464,-0.18277387476679108
0.27695415865990425,-0.22055144808185634
0.31296268586189524,-0.2466640187733209
0.32455936554939524,-0.2682621894191154
0.317873308735509,-0.27218606239866516
0.42696528280934976,-0.27240433309218115
0.3664847343198714,-0.272622603785697
0.3899691181798135,-0.2728408744792129
0.43177167830928687,-0.2730591451727289
0.47357423843876,-0.27327741586624477
0.4930237800844255,-0.27349568655976064
0.4140468720466859,-0.27186115611025974
0.5098485639018397,-0.2702266256607587
0.5154461399201424,-0.2539799628566154
0.5210437159384451,-0.24709703435945274
0.5167643639349169,-0.24349785800003887
0.5210437159384451,-0.2422170306912702
0.5153418510190901,-0.2468154679483442
0.5255205708165323,-0.24752033290578357
0.4902466804750505,-0.25758551602339863
0.4996500322895665,-0.2548340754722481
0.5483870967741935,-0.22802096694263063
0.5576036514774445,-0.2123633996764226
0.531099380985383,-0.2064045009328358
0.5094951506583922,-0.19549530181125618
0.45082609115108374,-0.18700192579582553
0.4167777030698714,-0.15964177829116133
0.33645186885710676,-0.13875295155083955
0.33636194747713843,-0.11698420130791354
0.33627202609717033,-0.11558063564015852
0.336182104717202,-0.11417706997240362
0.3360921833372337,-0.11277350430464861
0.3360022619572651,-0.1113699386368937
0.335912340577297,-0.12442744620403845
0.3358224191973287,-0.1374849537711832
0.3531512598837576,-0.12773754822080996
0.3960894923056326,-0.1257311313306514
0.42940681211410037,-0.12333967673837842
0.4493280226184475,-0.12094822214610546
0.373991935483871,-0.11855676755383238
0.511263201313634,-0.11996365067970693
0.4425323240218624,-0.1213705338055815
0.45049298194146936,-0.1367668037983909
0.4518261571084299,-0.15274389466243
0.4167777030698714,-0.1700475132880519
0.465426045079385,-0.18406760751904538
0.466948724562122,-0.1944719760572139
0.5226531490202873,-0.19755265724599658
0.4413768399146296,-0.20291099738125773
0.5472866181404359,-0.2031193064219916
0.5084356492565525,-0.20251373746501866
0.5084356492565525,-0.20377027217428478
0.511263201313634,-0.20154552554609761
0.5151641599593624,-0.19983874268792756
0.5110863716371599,-0.19642100168104792
0.5169423011041456,-0.2007350636951959
0.5269574811381679,-0.19631009078144435
0.531099380985383,-0.1969183926558613
0.5454550712339339,-0.19493399093400188
0.6121405324628275,-0.18881187628750773
0.529476534935736,-0.19082808613184077
0.5888017223727318,-0.19721795077347637
0.5937733804025958,-0.19484767629139454
0.5935816611013105,-0.18627952461812036
0.5811986615580897,-0.18532376265644435
0.5633594143775202,-0.18413539905453202
0.5428963938067037,-0.1825829501175762
0.511263201313634,-0.18335583435362246
0.45851861276934214,-0.17940433938704914
0.5367088317871094,-0.17610016628284364
0.4831657409667969,-0.17169067990127485
0.48592302876134075,-0.17319135523554108
0.44022258635490163,-0.17469309337103545
0.46813460319272937,-0.18255653191561727
0.4087679463048135,-0.18898883269200872
0.4001916454684349,-0.19142416579213306
0.3605521417433215,-0.20001911523923355
0.4413768399146296,-0.20235758159884176
0.41292473577683975,-0.2008751257142024
0.38000992805727063,-0.20215792679668065
0.477844730500252,-0.19671638450812345
0.42420565697454626,-0.19127484221956625
0.33305949549521174,-0.19509804189501712
0.40494672713741187,-0.14056472398748443
0.42064605220671614,-0.1285257671602923
0.3395930505567981,-0.12923996958566542
0.3347710127471595,-0.1302162284281716
0.32994897493752107,-0.1332280552802394
0.32512693712788243,-0.11241278956778611
0.3203048993182438,-0.11145581297613494
0.3154828615086054,-0.11322507336365051
0.31066082369896675,-0.11755621611182365
0.3484989289314515,-0.12389149831895208
0.385132082047001,-0.12923746441134176
0.3715339168425529,-0.13165313568874382
0.46003070954353587,-0.13364862090912621
0.35300076392389124,-0.13788775543668375
0.5212223914361769,-0.1313793125437267
0.4362757282872354,-0.10476229084071831
0.4546649071478075,-0.08793746416841575
0.45065959807365163,-0.08652781016791045
0.38124921244959675,-0.10994747029015084
0.48178974274666087,-0.13126202483675375
0.481961650233115,-0.11914806460859761
0.44672270744077625,-0.10697982560342822
0.4114837646484375,-0.09481158659825872
0.45069202300040945,-0.08278883748979715
0.4899002813523816,-0.08242286694781298
0.4873046875,-0.08205689640582903
0.38124921244959675,-0.08169092586384485
0.4776735613423009,-0.10326222282143971
0.466948724562122,-0.08198471448907807
0.5458210360619329,-0.07995220835924544
0.4465045313681326,-0.0779197022294128
0.4781765476349862,-0.07588719609958028
0.5098485639018397,-0.08818350265275188
0.37260855397870474,-0.09153451492537312
0.45885455223821814,-0.10620147553249382
0.42842951128559736,-0.11389084241876557
0.45091665944745474,-0.13086947161166818
0.4734038076093119,-0.13667274588969214
0.48178974274666087,-0.1424760201677161
0.601468240061114,-0.12426681898126557
0.4683041726389239,-0.12589434723355875
0.48178974274666087,-0.12808219947625155
0.48747745636970774,-0.146983056519162
0.5876578054120463,-0.1302232125505286
0.5502238119802167,-0.11757473921894435
0.616635476389239,-0.10190472199549128
0.5298369622999621,-0.12632941250777363
0.5846131847750755,-0.14223719354885722
0.5753437165291078,-0.14647670764828202
0.572147000220514,-0.14556224310576027
0.564850099625126,-0.1417788225619947
0.558900648547757,-0.14319697897232586
0.5576036514774445,-0.13737928096334728
0.551511456889491,-0.14462796491176932
0.5368902144893524,-0.1279413783135106
0.5025124088410409,-0.11430677727087224
0.46813460319272937,-0.12013214263156868
0.4652569678521925,-0.12540280166550066
0.46949177403603826,-0.12036838816173046
0.514098874984249,-0.10135168578494247
0.47994716193086373,-0.10347706049828975
0.445795448877478,-0.10365826810770362
0.41164373582409275,-0.10547427656638686
0.40659167689661824,-0.10729028502506999
0.4015396179691437,-0.10910629348375311
0.3964875590416692,-0.11092230194243624
0.3914355001141947,-0.11273831040111937
0.3863834411867204,-0.11222391460665426
0.3813313822592459,-0.12797371783659828
0.3762793233317714,-0.15309780747143187
0.3712272644042969,-0.15184602666453095
0.40781119561964463,-0.15059424585763004
0.434963595482611,-0.1493424650507289
0.4655949992518271,-0.14809068424382787
0.492676273469002,-0.14683890343692696
0.5126800537109375,-0.14558712263002604
0.5327246881300403,-0.14433534182312502
0.5498563704952117,-0.1430835610162241
0.5495351514508646,-0.14183178020932297
0.5492139324065177,-0.14057999940242205
0.5488927133621708,-0.13932821859552103
0.5485714943178239,-0.1374501849881452
0.5482502752734768,-0.12088301169931592
0.5479290562291299,-0.1029111188442553
0.547607837184783,-0.10274166531032991
0.5472866181404359,-0.10257221177640441
0.5255205708165323,-0.10240275824247902
0.45885455223821814,-0.10223330470855363
0.38016473093340464,-0.10206385117462813
0.3548414015000867,-0.10189439764070274
0.35212714355906294,-0.10172494410677735
0.34941288561803896,-0.10155549057285185
0.346698627677015,-0.10138603703892646
0.3439843697359912,-0.10121658350500107
0.34127011179496747,-0.10104712997107557
0.3385558538539437,-0.10087767643715018
0.3358415959129195,-0.11526853646805035
0.33312733797189575,-0.12265690286361164
0.330413080030872,-0.1321844603884873
0.33748688236359636,-0.14214510941386815
0.45316105504189763,-0.1597936070380519
0.4308746091781124,-0.16312526114544468
0.4519927732406124,-0.16645691525283735
0.4268027274839339,-0.1771522635844216
0.4509560984949912,-0.16110305406560943
0.4751094695060485,-0.1525683806310245
0.4696614665369834,-0.15564579750174912
0.39357388404107874,-0.15258986439870958
0.4375894608036164,-0.1577221315298507
0.3885622332173009,-0.1709322193961832
0.39421881398847036,-0.17659049722092657
0.3998753947596396,-0.18330649001088306
0.48851505402595774,-0.18360027863611628
0.4219388654155116,-0.19026244813530002
0.43726090461977063,-0.20240480033912467
0.3616142272949219,-0.21078567125310943
0.45082609115108374,-0.21713788236551612
0.5042090877409904,-0.21628817278354318
0.45751190185546875,-0.21836177389420086
0.5080827282321068,-0.21298536613805974
0.3786178096648185,-0.2071168054988728
0.5126800537109375,-0.2042517211306748
0.49860086748676924,-0.20155099138098564
0.45316105504189763,-0.1980894477806281
0.4374251827116935,-0.19720223649817314
0.4415417332803049,-0.19857142813763218
0.41517036191878787,-0.1976246999863961
0.41004500850554426,-0.19505469478777981
0.38373245731476824,-0.19231957582692005
0.3690826662125126,-0.17947881138739896
0.34342304352791087,-0.1828942749630752
0.42307170744865163,-0.1899686595100668
0.4334895226263231,-0.20185776136407807
0.466948724562122,-0.18316445421816696
0.42650758066484995,-0.1795903970814331
0.3860664367675781,-0.17601633994469923
0.18864231724892888,-0.17244228280796536
0.1766978233091292,-0.1688682256712315
0.16475332936932974,-0.17025110017359313
0.15280883542953005,-0.17163397467595476
0.14086434148973037,-0.17301684917831628
0.1289198475499307,-0.1743997236806779
0.116975353610131,-0.17578259818303954
0.10503085967033132,-0.17716547268540117
0.09308636573053186,-0.20466378434973564
0.16397845360540564,-0.20441007007875112
0.2306975087811869,-0.2041563558077667
0.2759857177734375,-0.20390264153678217
0.26499114498015364,-0.20364892726579775
0.2473110568138861,-0.20339521299481322
0.22963096864761856,-0.2031414987238288
0.2119508804813508,-0.20288778445284428
0.19427079231508304,-0.20263407018185986
0.1765907041488155,-0.20238035591087533
0.14546818887033774,-0.19097346215698852
0.13519028694398938,-0.1851262461091353
-0.018154021232358875,-0.1792790300612822
-0.015107923938382006,-0.18215912579391813
-0.012061826644405249,-0.18503922152655417
-0.004917760049143127,-0.1879193172591902
-0.03489131312216487,-0.19079941299182623
-0.05373099542433213,-0.19367950872446216
-0.08101986300560737,-0.1965596044570982
-0.1218555819603705,-0.19943970018973423
-0.09454702561901462,-0.20231979592237026
-0.14409415952620963,-0.20519989165500618
-0.169080795780305,-0.22696158186120186
-0.1832276621172505,-0.24088851017738455
-0.11165385092458413,-0.25481543849356736
-0.08605649394373738,-0.24258660083979522
-0.1291825079148815,-0.23035776318602297
-0.15948141774823588,-0.23342971422185943
-0.14959236883348037,-0.23293004581584265
-0.13970331991872476,-0.2294019253099736
-0.16872885919386338,-0.22030533368314675
-0.197754398469002,-0.22141975668532343
-0.16837729177167338,-0.24385662932894125
-0.21663776520759825,-0.2573740944933536
-0.1728204296481225,-0.2613008223955904
-0.11301139093214463,-0.2652275502978273
-0.07478578629032262,-0.2691542782000641
-0.048463513774256506,-0.273081006102301
-0.010306573683215747,-0.27966559111182365
-0.02125832342332412,-0.2787060334314755
-0.012645967545047876,-0.2529207296039334
-0.008840745495211744,-0.2541829199340213
-0.076126221687563,-0.2554451102641091
-0.15126997424710187,-0.256707300594197
-0.076126221687563,-0.2579694909242848
0.02885904619770674,-0.2592316812543727
0.021596600932459742,-0.26049387158446047
-0.007371963993195618,-0.27685182486007465
-0.03574100617439513,-0.2844673270609841
-0.07478578629032262,-0.28649712557816387
-0.058045787196005505,-0.29544955580981813
-0.08190610331873738,-0.2976942679182214
-0.052071602113785254,-0.2945218821663168
-0.06087801533360637,-0.2921301998309235
-0.12302644791141637,-0.27933900747726215
-0.12177190473002775,-0.2740314540578358
-0.17025166173135076,-0.2771800026964786
-0.11908795756678425,-0.2839516407221704
-0.1198438828991305,-0.28162752217914333
-0.151991444249307,-0.27518132907241133
-0.15126997424710187,-0.2728589565599736
-0.19595595329038562,-0.2738571546564055
-0.17769733552009825,-0.2785857091495647
-0.22358039117628525,-0.2824067832225591
-0.24626528832220262,-0.2846428410923896
-0.23449300950573337,-0.28659323317494556
-0.24848322714528726,-0.2852585066610308
-0.22759615990423387,-0.2705682403412625
-0.2506243798040575,-0.2521697087074394
-0.2567317101263231,-0.23999570020988803
-0.22011836882560487,-0.22512149336326182
-0.2739743878764491,-0.2058434937130752
-0.2943611145019531,-0.2068413122376399
-0.28084527292559225,-0.21751798563335667
-0.2539254465410786,-0.22302177770813902
-0.3125946291031376,-0.22446513769045395
-0.2829439716954385,-0.23065102041064212
-0.2077804073210685,-0.24196856294698388
-0.1929473876953125,-0.22954403701706316
-0.212480237407069,-0.21658727541491762
-0.2750364734280494,-0.22257092224424746
-0.2631182516774824,-0.23013958527674128
-0.2242274130544355,-0.23217841760436098
-0.21379606185420863,-0.23058687276508083
-0.2282391209756175,-0.23196950124863958
-0.18138934719947075,-0.23074447100435325
-0.1317452461488785,-0.22189672669368
-0.17149832940870713,-0.20596981523048818
-0.22480207873928937,-0.20173812031152827
-0.24397007111580138,-0.2061616508521844
-0.23956495715725812,-0.20661121577172725
-0.19241948281565024,-0.20923709394919932
-0.21438007970010076,-0.20634581912216265
-0.28452131825108684,-0.21753181723219828
-0.2973744330867645,-0.22871781534223412
-0.310227547922442,-0.23037005372308383
-0.2657925390428112,-0.23202229210393344
-0.2213575301631805,-0.2241407707555969
-0.17692252128354968,-0.2162592494072606
-0.13248751240391887,-0.19659583248309231
-0.26128572033297626,-0.17693241555892414
-0.2687813851141161,-0.17190181675241956
-0.2762770498952558,-0.16687121794591497
-0.28377271467639553,-0.1618406191394104
-0.29126837945753525,-0.1568100203329058
-0.22019072501890125,-0.15476287538139377
-0.2722448533581149,-0.15271573042988185
-0.19226861769153225,-0.1527098091087531
-0.19767958118069562,-0.15154308110327275
-0.2597784842214277,-0.1659172399720149
-0.32187738726215975,-0.20273123214493938
-0.247375242171749,-0.2037881120520445
-0.2018525892688383,-0.19686126708984375
-0.1563299363659274,-0.189934422127643
-0.17051379296087443,-0.18753431329679726
-0.18469764955582169,-0.17940805919134795
-0.19888150615076872,-0.1778688003767782
-0.21306536274571575,-0.17632954156220848
-0.358138915031187,-0.17479028274763875
-0.35328670214581226,-0.1836656504009494
-0.34843448926043774,-0.19254101805425994
-0.343582276375063,-0.2122987965446207
-0.2974383446478075,-0.20599160265566696
-0.3432268942556074,-0.21415847095090956
-0.33799140684066276,-0.23920801267101988
-0.36182231287802424,-0.2400057360900575
-0.33643550257528987,-0.2408034595090952
-0.33942388719128025,-0.2416011829281327
-0.31997077695785026,-0.24239890634717043
-0.22702395531439012,-0.24319662976620804
-0.221923828125,-0.24399435318524554
-0.21130851007276963,-0.24479207660428326
-0.22415567213489163,-0.24558980002332087
-0.17274265904580388,-0.2463875234423586
-0.15183110390940024,-0.2471852468613961
-0.23392708070816537,-0.22013095836734298
-0.2609513805758569,-0.22733189217486782
-0.189849607406124,-0.22807987649642414
-0.16335333547284525,-0.21276236766606416
-0.2530531114147555,-0.19744485883570428
-0.34275288735666587,-0.21216742672137356
-0.20066648913968,-0.22688999460704296
-0.1930777272870463,-0.20699298915578357
-0.18548896543441284,-0.21571547475027208
-0.17790020358177916,-0.21951924034612091
-0.1703114417291458,-0.2046591535729555
-0.16272267987651212,-0.17096653269298046
-0.2378084736485635,-0.1734783115671642
-0.3189842470230595,-0.17599009044134795
-0.2833367624590474,-0.1785018693155317
-0.25495356898153987,-0.20385150055387125
-0.3065776209677419,-0.19499274865904848
-0.2964144060688634,-0.17573486631782498
-0.26588378414031,-0.17670558341106968
-0.27497014691752775,-0.17210965132831935
-0.28399079845797626,-0.16745959229730256
-0.295837648453251,-0.16757953700734607
-0.28392533333070813,-0.1763378541861007
-0.3262823781659526,-0.185414404418338
-0.2881600164598034,-0.18819059305523167
-0.27715498401272687,-0.18490539854438748
-0.31009489490139874,-0.18387114112056901
-0.3511690939626386,-0.1877582606984608
-0.3474762209000126,-0.19124379324082708
-0.31855207873928937,-0.1915088103185245
-0.3055689411778604,-0.19339194226620804
-0.3014537442115045,-0.1966564121531017
-0.36508301765688,-0.19787058664198542
-0.41140082574659775,-0.20120398677996731
-0.3802816329463836,-0.20281443429823542
-0.3169444914787046,-0.19956469179979008
-0.3594654452416205,-0.19643132603583646
-0.4008442048103579,-0.18917292504761352
-0.427657465780935,-0.18742059356537621
-0.4177744465489541,-0.18190852682388836
-0.34700553647933463,-0.17697788826861782
-0.4076044636387979,-0.18020250310945274
-0.39132025934034775,-0.17555510108150651
-0.37503605504189763,-0.16598214676131062
-0.28242000456779237,-0.16538628219174312
-0.2378084736485635,-0.1647904176221755
-0.231018312515751,-0.1641945530526081
-0.295837648453251,-0.1635986884830406
-0.2903714333811114,-0.16300282391347298
-0.28490521830897175,-0.16240695934390548
-0.3164489499984249,-0.16911991555892414
-0.30601033856791837,-0.18935990214940923
-0.281370593655494,-0.18762457548682365
-0.25055546914377524,-0.19254754669037621
-0.222428475656817,-0.2094775147699005
-0.19234417330834175,-0.20872687344527363
-0.2685699462890625,-0.20797623212064675
-0.3015172404627646,-0.20758762644298046
-0.3442403731807586,-0.20282415133803633
-0.3869635058987525,-0.19418828404364896
-0.314027355563256,-0.18377283200695738
-0.3454272977767452,-0.17128097002779075
-0.3768272399902344,-0.17691563848239278
-0.2701761799473916,-0.18143861685226215
-0.24918319332984185,-0.18075045305698068
-0.22819020671229207,-0.18380570293065923
-0.20719722009474228,-0.19562131967117535
-0.1862042334771925,-0.1932511211034671
-0.20726419264270413,-0.19376969218847173
-0.25165779359879037,-0.19116560143617845
-0.2928167773831275,-0.1864591380256918
-0.3210169884466356,-0.18275383337220152
-0.3534435149162046,-0.17460472904034519
-0.37503605504189763,-0.17165188765644435
-0.2855575315413936,-0.1722657312801228
-0.28392533333070813,-0.17488204424654075
-0.32138590658864663,-0.16920235856848564
-0.32138590658864663,-0.17212574517548973
-0.3534435149162046,-0.1796228968681981
-0.3627966603925151,-0.19144124652615824
-0.36592951128559725,-0.1950943220907183
-0.3690623621786794,-0.19444548194088151
-0.2818299570391255,-0.20074159233131217
-0.27497014691752775,-0.18548166455321047
-0.32967376708984375,-0.18270653871754505
-0.38437738726215975,-0.1900350845868315
-0.32883699478641637,-0.18892627924828975
-0.26909631298434344,-0.1773293718176695
-0.2531708440473003,-0.18616717134542138
-0.237245375110257,-0.18171874089027518
-0.27077742545835437,-0.17876863242381846
-0.33319091796875,-0.18552076045553478
-0.26648921351278987,-0.19299225309001866
-0.35582499350270913,-0.19162640168299128
-0.2999271269767515,-0.19831627992848255
-0.3165728661321825,-0.19748843368606184
-0.42428022815335187,-0.1960475029636971
-0.42150152883222025,-0.19991617534884176
-0.4127652568201865,-0.1999430490370414
-0.443343500937185,-0.19810873003148322
-0.400040288125315,-0.1999125314589164
-0.35309416247952374,-0.20522980191814366
-0.4102434958181074,-0.19035271032532652
-0.35634649953534525,-0.1939168142442086
-0.34694671630859375,-0.1868126333056398
-0.39551648785991056,-0.1797084523670709
-0.44408625941122737,-0.19558434937130753
-0.27873919087071575,-0.19169662247842822
-0.2921109353342364,-0.19222787126379814
-0.305482679797757,-0.19848109003323222
-0.31885442426127775,-0.20210767148145992
-0.3322261687247984,-0.1916059048021611
-0.33264836957377775,-0.1994518830408505
-0.3591196613927041,-0.20467562699199315
-0.4080804394137475,-0.20418635885513836
-0.4118209346648185,-0.21135912843011506
-0.36004109536447837,-0.21115294499183768
-0.3322261687247984,-0.2109467615535603
-0.35952291181010587,-0.2107405781152829
-0.3865790828581779,-0.20062658205554262
-0.4565574892105595,-0.1891922832128421
-0.457969747563844,-0.18089097056222792
-0.45938200591712874,-0.18132110140216884
-0.46079426427041326,-0.18301839496365824
-0.4376647703109249,-0.193654150512088
-0.4842714955729823,-0.17823328426228235
-0.4545324310179679,-0.1628124180124767
-0.4247933664629536,-0.1958887660088231
-0.43283585579164563,-0.19221876153898476
-0.4468994140625,-0.16944877662468905
-0.4566542102444556,-0.14745991265595848
-0.409347657234438,-0.14525695661604898
-0.39432624078566025,-0.14305400057613937
-0.3431678279753654,-0.14085104453622999
-0.3785570206180695,-0.1386480884963205
-0.30405278359690024,-0.14304879411536064
-0.2755005128922001,-0.16559718497356968
-0.22759615990423387,-0.16770927467156405
-0.2707107297835811,-0.15496978000621886
-0.22816774922032512,-0.171061425659787
-0.23717498779296875,-0.16906685141188593
-0.234422376078944,-0.14906576735463306
-0.23668178435294862,-0.1356426637564132
-0.1770028145082535,-0.1290040656701842
-0.14676358622889363,-0.12864396583974658
-0.27715498401272687,-0.12828386600930897
-0.1978292157573085,-0.12792376617887125
-0.17095319686397425,-0.13070291547632928
-0.28130488241872476,-0.1540235073412236
-0.19121145432995212,-0.15059604929454296
-0.15702044579290575,-0.16321377730488185
-0.1832276621172505,-0.1816216464066387
-0.16962740498204387,-0.16515672977884022
-0.2132115517893145,-0.16590387904228854
-0.24889829081873738,-0.17886656196556283
-0.23611770137663812,-0.18013888686450563
-0.20133676836567538,-0.17696399593827739
-0.11706825994676162,-0.17802588619402981
-0.09035824191185737,-0.18880489216515084
-0.08807902182302163,-0.1894107647796175
-0.09097068540511588,-0.16313029047268535
-0.055845691311743995,-0.15672470206644995
-0.15773588611233624,-0.15031911366021455
-0.059509031234249,-0.1535245221645678
-0.044651277603641626,-0.15672993066892105
-0.003342782297442004,-0.16035470535506058
0.01152684611658894,-0.16397948004120033
0.026396474530619995,-0.16760425472733986
0.0278021302012883,-0.1712290294134795
0.029207785871956382,-0.17485380409961904
0.03061344154262491,-0.17266215613825409
0.03201909721329299,-0.16722812937266796
0.033424752883961295,-0.16547519057544313
0.03483040855462938,-0.15673986596254563
0.036236064225297904,-0.14800454134964824
-0.011087109965662756,-0.15252666568281636
-0.047557830810546875,-0.15704879001598449
-0.084028551655431,-0.16157091434915272
-0.183151122062437,-0.16609303868232084
-0.21516758908507638,-0.17061516301548896
-0.247184056107716,-0.17513728734865708
-0.25133652840891196,-0.1796594116818252
-0.25548900071010805,-0.20944654170553478
-0.259641473011304,-0.22172500838094678
-0.2637939453125,-0.22085973635241762
-0.18924331665039062,-0.21999446432388836
-0.14684431014522425,-0.2113566232557914
-0.12763069521996284,-0.20311839544951027
-0.10841708029470132,-0.20680859314268496
-0.1422274189610635,-0.21010563029578666
-0.21364999586536038,-0.20316773979224967
-0.25263051063783704,-0.1927410524282882
-0.2916110254103138,-0.1996295985890858
-0.33059154018279047,-0.20267285399175994
-0.3695720549552671,-0.21875318840368474
-0.31601505894814763,-0.2179470283672782
-0.3044321613927041,-0.21714086833087176
-0.20430706393334175,-0.21633470829446522
-0.21631677689090856,-0.19239169448169313
-0.22832648984847526,-0.15842168248114896
-0.24033620280604207,-0.1564208225231265
-0.2523459157636089,-0.15441996256510415
-0.2911002456500965,-0.1524191026070818
-0.32985457553658437,-0.15041824264905945
-0.3686089054230721,-0.148417382691037
-0.34653460594915575,-0.16274622067883238
-0.36502592025264613,-0.16753019266460667
-0.351227544969128,-0.17747148352475905
-0.2604085860713836,-0.18131259899234298
-0.22873884631741437,-0.1402284233131219
-0.29692655994046124,-0.13688968386420752
-0.25165779359879037,-0.1380631745751224
-0.22615424535607787,-0.13923666528603718
-0.20065069711336514,-0.14041015599695206
-0.17514714887065275,-0.14158364670786694
-0.19835281372070312,-0.15340207228020053
-0.18069864088489163,-0.15758844631821367
-0.19475420059696325,-0.15525635676597482
-0.29731049076203375,-0.1629474696828358
-0.3124698515861265,-0.18203462059818099
-0.2921720935452369,-0.18913238677219368
-0.2642664755544355,-0.19030359372570738
-0.23328965710055438,-0.18706569386951954
-0.22408368510584675,-0.18382779401333182
-0.274903820407006,-0.180589894157144
-0.3070184030840474,-0.18422216918337997
-0.271711657124181,-0.18733966884328357
-0.2577551564862651,-0.1848202985317553
-0.24786032399823588,-0.17812343616390702
-0.2948108796150454,-0.15998718869033735
-0.3282298426474294,-0.15495368615904848
-0.28653483236989663,-0.16332013334207862
-0.22415567213489163,-0.17444348691114742
-0.19475420059696325,-0.16570166213002369
-0.21013456775296124,-0.15695983734890007
-0.22231378862934725,-0.18873444362659364
-0.23449300950573337,-0.18314737348414178
-0.23698601671444475,-0.16476000126321522
-0.239479023923156,-0.16273976795708955
-0.2419720311318675,-0.16722645925645208
-0.24446503834057887,-0.16164493086326182
-0.24695804554929013,-0.15996940574835783
-0.2494510527580015,-0.15829388063345384
-0.3487684188350555,-0.15661835551854986
-0.3672465662802419,-0.15494283040364587
-0.3389466808688256,-0.16749990282960203
-0.36690558156659525,-0.16915255873950563
-0.37772074053364413,-0.18484618533310015
-0.33655535790228075,-0.19630151245724503
-0.3179961173765121,-0.2054337838395911
-0.33799140684066276,-0.21216883113728235
-0.3767713731335055,-0.2068208912711832
-0.3018982179703251,-0.19068597442475121
-0.3378717976231729,-0.17837376381034287
-0.5078019172914566,-0.18260308640513256
-0.435255604405557,-0.18683240899992226
-0.5250132776075793,-0.20426530980352142
-0.5570587035148374,-0.22274673993314675
-0.4859313349569997,-0.22702178195934386
-0.4796328390798261,-0.2291212698713464
-0.4985690578337638,-0.2105444912886738
-0.5399676907447077,-0.20389234248678478
-0.5941773076211252,-0.2025123710062966
-0.5701832925119708,-0.20433150713716575
-0.5774375238726216,-0.209974070686606
-0.5846917552332724,-0.21501007839221864
-0.5919459865939233,-0.216193507559857
-0.5992002179545741,-0.22344424119636197
-0.46694417153635337,-0.22431535863164642
-0.5738292201872794,-0.209659177865555
-0.5194844276674332,-0.19707788875446985
-0.5353095146917528,-0.18794159391033116
-0.4627567414314516,-0.1873788659647725
-0.5239972145326676,-0.18681613801921382
-0.39394673993510587,-0.18625341007365515
-0.39970181284961626,-0.1740089530375466
-0.4054568857641264,-0.17081283645250311
-0.4112119586786368,-0.16761671986745963
-0.41696703159314685,-0.17409538914315137
-0.42272210450765724,-0.18057405841884333
-0.4284771774221674,-0.18705272769453507
-0.4342322503366778,-0.19353139697022703
-0.5686009930026147,-0.2084394995845965
-0.5799206456830425,-0.21407535420128365
-0.5912402983634703,-0.21971120881797068
-0.4445311023342994,-0.21607481543697526
-0.41599421347341226,-0.19750057998581316
-0.46090288059685813,-0.18228339199996113
-0.505811547720304,-0.17010847252992845
-0.55072021484375,-0.1702210535457478
-0.5895059647098664,-0.17033363456156714
-0.6291061524421938,-0.17044621557738648
-0.6525877060428742,-0.1973961218079524
-0.610886481500441,-0.2007012817990127
-0.6528765770696825,-0.20220985222811727
-0.5664701769428868,-0.2089113453727457
-0.6206589975664693,-0.22221412468905477
-0.5409923061247794,-0.22360419278121113
-0.5853469602523311,-0.22122852837861473
-0.5126810996763168,-0.21885286397601833
-0.5545173768074282,-0.21647719957342193
-0.5184569205007246,-0.21410153517082553
-0.5499973297119141,-0.199245016373212
-0.5330261107413999,-0.19222840266441232
-0.5428719674387286,-0.18685032479205532
-0.4472930662093624,-0.17441357664800994
-0.4612564579133065,-0.16561153279015084
-0.4752198496172505,-0.182277242935712
-0.35773468017578125,-0.1632701816843517
-0.48993695166803175,-0.16394747454135583
-0.4503828479397681,-0.16462476739835974
-0.465425306750882,-0.16530206025536387
-0.4596903401036416,-0.16597935311236778
-0.4759656844600555,-0.1666566459693719
-0.4475880284463206,-0.18203667028626402
-0.3812252167732485,-0.19969427763526115
-0.4008977336268271,-0.20188471096665117
-0.418501207905431,-0.1958020717943486
-0.3483575390231225,-0.18034810687772074
-0.36393073297316025,-0.1794218376501283
-0.3795039269231981,-0.17849556842253578
-0.4729289393271169,-0.17761625223491917
-0.43207734630953876,-0.1761227887661303
-0.4013259641585811,-0.18400543364719368
-0.38393611292685237,-0.18649375497998288
-0.3402579522901966,-0.18327468188840956
-0.3638301972419985,-0.17974944612873134
-0.3874024421938004,-0.17953529168124227
-0.4460125584756175,-0.1727624390255752
-0.46433085779989924,-0.16812202111998598
-0.4888930166921308,-0.17213265338347328
-0.47489326230941276,-0.17614328564696047
-0.4612256942256805,-0.19292764995821676
-0.5073639654344129,-0.20557521231731968
-0.5350609440957346,-0.22656788992051458
-0.46921416251890125,-0.23084725906599812
-0.42401587578558153,-0.22404047268540117
-0.3788175890522618,-0.21831736398573542
-0.4055903034825479,-0.21606263118003732
-0.5195271891932334,-0.22176516708449934
-0.493911373999811,-0.218052346908038
-0.4593537853610131,-0.21242413117517878
-0.4003619532431325,-0.21727156757715327
-0.40260868687783513,-0.20214152929201645
-0.4765038644113848,-0.2368906884644162
-0.5503990419449345,-0.2363086845942003
-0.5749444038637223,-0.23572668072398428
-0.59948976578251,-0.22584956281418422
-0.4842089529960386,-0.21597244490438428
-0.5347965686551986,-0.22364017619422416
-0.5853841843143586,-0.23130790748406405
-0.5559333755124,-0.20804895809040735
-0.5264825667104414,-0.18479000869675066
-0.5438118288593907,-0.19415818399457785
-0.5611410910083401,-0.20352635929240515
-0.5784703531572896,-0.19530555383482973
-0.6150308116789787,-0.1870847483772543
-0.6142050297029557,-0.2031850482693952
-0.6133792477269326,-0.20526559554522306
-0.6125534657509096,-0.20734614282105102
-0.6117276837748866,-0.20058720147431786
-0.5576523811586441,-0.1938282601275847
-0.519869158344884,-0.18706931878085165
-0.48258479948966737,-0.18031037743411849
-0.5471759303923576,-0.17355143608738532
-0.5313170648390246,-0.17442588901045308
-0.5212347584386026,-0.17530034193352084
-0.5195698891916583,-0.1761747948565886
-0.4666121698194935,-0.17704924777965636
-0.42314997026997225,-0.19173336503517568
-0.4722256814279864,-0.1933770630490127
-0.40511223577683975,-0.21206657447625155
-0.3965433182254914,-0.20603980828280477
-0.4340470837008569,-0.20140371749650188
-0.4127652568201865,-0.20338804330398785
-0.3826099518806704,-0.20537236911147383
-0.41224092052828876,-0.20735669491895992
-0.4063863446635585,-0.20592798641071985
-0.3488271159510459,-0.2050429007307214
-0.28705535396452875,-0.18393940712088974
-0.3287156628024194,-0.16283591351105797
-0.37447517148910026,-0.1723575876719916
-0.33745328841670863,-0.17146384775342038
-0.3070184030840474,-0.16070108745821676
-0.28916069769090225,-0.1650986552831546
-0.271302992297757,-0.1815198452318486
-0.2906676261655746,-0.1913383825501399
-0.3100322600333921,-0.19027504992129196
-0.3149598644625756,-0.1825172082701726
-0.3668487302718624,-0.18597374152188273
-0.3268307101341986,-0.18697603899448068
-0.29384686869959675,-0.17705737061761506
-0.33258819580078125,-0.15906080559118474
-0.4202103153351815,-0.16760337412060788
