HR,mBP
-0.16027339812247987,-0.020831511388370694
-0.16027339812247987,-0.03292558205068408
-0.16027339812247987,-0.024542319833935844
-0.16027339812247987,-0.0161590576171875
-0.16027339812247987,-0.00019866791530631644
-0.16027339812247987,-0.008298959305037323
-0.16027339812247987,-0.03014984890003114
-0.16027339812247987,-0.011612242134056316
-0.16027339812247987,0.013274842826881184
-0.16027339812247987,0.024288727869441917
-0.16027339812247987,-0.01330490491876557
-0.16027339812247987,-0.011265996676772416
-0.16027339812247987,0.009710662993625663
-0.16327445737777213,0.008686122609608216
-0.16343209051316787,-0.006196510732470406
-0.1608272675544985,-0.012996996220071555
-0.16145964591733875,0.002482931412274514
-0.16011514971333163,-0.005033578445662323
-0.15702044579290575,-0.006891658650108878
-0.14352663101688512,-0.022054719687694346
-0.15062799761372225,-0.02379126098025497
-0.1442562226326235,0.002893552258240062
-0.13896880611296625,-0.0051779675839552786
-0.14555149693642888,0.00801633009270053
-0.14813478531376012,0.01282246907552076
-0.15062799761372225,0.022479156949626766
-0.14555149693642888,0.01706274231867999
-0.13643289381457913,0.012644146212297924
-0.13503806821761588,0.0020284320584578186
-0.13248751240391887,0.0005648029384328623
-0.12710878925938762,0.005638388258900839
-0.12252499980311238,-0.0011032635892801457
-0.1143663467899445,-0.02579190837803169
-0.11088906565020162,-0.0006338091038945448
-0.11165385092458413,0.0045155387612718645
-0.10207686885710687,0.003397699612290195
-0.11156894314673638,-0.00028930967719997813
-0.106796141593687,0.008023997444418507
-0.11774223081527213,0.014141481314132509
-0.11029360371251262,0.006337407809584805
-0.121688227499685,0.003500411759561617
-0.11428168512159775,0.03359066787643816
-0.1076507568359375,0.020801373382112853
-0.1211856718986265,0.01001067659748145
-0.11360451482957412,-0.0019881974405316916
-0.10884561846333163,0.023460046568913206
-0.10824843375913562,0.03258017165150817
-0.10542654222057712,0.016348843550800574
-0.118331293905935,0.01600593832594832
-0.10628288022933463,0.018414245909126326
-0.09931662774855088,0.004947871118042624
-0.09725198438090665,-0.002992924173079947
-0.09518734101326232,-0.00502522786458337
-0.09593002155262942,0.023991219439909894
-0.09667270209199652,0.026095110385572218
-0.0974153826313634,0.025132440215912544
-0.09815806317073039,0.011411220873173145
-0.0989007437100975,0.042636548701803445
-0.10186357395623313,0.03991919370432995
-0.104826404202369,0.019259324714319126
-0.12785610075919862,0.02234228333430499
-0.15070835236580138,0.008849566255635821
-0.18437416322769662,-0.01037089029947913
-0.19895061369865175,-0.0265103620083178
-0.20081550844254037,-0.05086437623892259
-0.20557956285374135,-0.04165930297244247
-0.21034361726494233,-0.03199904712278456
-0.21510767167614353,-0.05025326553268816
-0.2198717260873445,-0.05605707121132619
-0.2192357654639897,-0.06126570820215327
-0.2185998048406348,-0.05855928487445583
-0.21796384421728,-0.05585286154675839
-0.21732788359392496,-0.043377472986629306
-0.21669192297057027,-0.04505935593030941
-0.21605596234721525,-0.06275059334674282
-0.2140485086748677,-0.055205995170631184
-0.21204105500252013,-0.020947584465368485
-0.22076895929151963,-0.023684753114311285
-0.20141109343497987,-0.03543523532241133
-0.2055655448667465,-0.0472024186926695
-0.20074093726373488,-0.013593531366604461
-0.19740904531171244,-0.01676128634172891
-0.19407715335969,-0.03579339933632619
-0.20541751000189012,-0.048145351125233216
-0.18878838323777725,-0.0237720546437733
-0.18452675111832162,-0.02323647873911694
-0.1837628272271925,-0.012241344546797261
-0.17406229819020913,-0.006291479613650508
-0.1733418895352271,-0.00657145182291663
-0.1726214808802451,-0.01659700763759331
-0.17190107222526307,-0.030630083226445892
-0.17118066357028094,-0.006516413902168838
-0.17046025491529893,-0.01206780428910137
-0.1697398462603169,-0.015090107324704616
-0.1690194376053349,-0.008673293080495914
-0.16829902895035287,-0.007435357392723829
-0.1726509217293032,-0.0238705915005053
-0.1770028145082535,-0.027957441794931537
-0.17087530320690525,-0.030977543313704947
-0.17946895476310487,-0.04656792635941387
-0.19407715335969,-0.026706145177433194
-0.19655123064594882,-0.03212650735579914
-0.19902530793220763,-0.043351434356537655
-0.20660006615423387,-0.05344402256296643
-0.2024522596789945,-0.05314416078785755
-0.18506105484501012,-0.061762415947605676
-0.18749753890498988,-0.057651956283037986
-0.19704880252961188,-0.034949914732975706
-0.20660006615423387,-0.04401796255538715
-0.19947335027879287,-0.05741107997609607
-0.21072166196761588,-0.047486793935595406
-0.227095450124433,-0.03453428353836285
-0.23548249275453625,-0.040967495287235645
-0.23668178435294862,-0.060016081700870694
-0.232651618219191,-0.07829390948091575
-0.24054656490202875,-0.05742011378653611
-0.24619600849766887,-0.052237363597053776
-0.24341238698651713,-0.06237269159573222
-0.25550128567603325,-0.07062663367731659
-0.2583004120857485,-0.07629075690881526
-0.25932127429593,-0.09232895884347792
-0.2812392942367061,-0.07194541817280786
-0.28861433459866437,-0.07499588544095925
-0.28809485896941156,-0.08776134282202275
-0.28757538334015875,-0.08991351530919622
-0.2858350610220305,-0.09482494752798509
-0.284094738703902,-0.08519771443077584
-0.28235441638577374,-0.09374962042813273
-0.28522472996865544,-0.09438912311003578
-0.28809504355153726,-0.0673355937597171
-0.28965144003591226,-0.06847552399137125
-0.28965144003591226,-0.06926655176267105
-0.2739080613659274,-0.07065479790986473
-0.2691058497275075,-0.0814070820215329
-0.27443928872385337,-0.04854200372648476
-0.2817643688571069,-0.044225512452386484
-0.28490521830897175,-0.05473547788401745
-0.2833367624590474,-0.06123329276469214
-0.27785738052860387,-0.07422034420184231
-0.27237799859816025,-0.04929621302666354
-0.27291070261309225,-0.0282686907260572
-0.26749690886466737,-0.03430912150672416
-0.24619600849766887,-0.049382603583644324
-0.246751231531943,-0.053408115064326855
-0.245116695280998,-0.018506785530356007
-0.24348215903005288,-0.01285693420106504
-0.2517267042590726,-0.03348552646921643
-0.23998580440398187,-0.05104505244772228
-0.2445967889601185,-0.021117632661885932
-0.24848322714528726,-0.009426515493820009
-0.2378084736485635,-0.027812369427277717
-0.24120263130434094,-0.047271273029384275
-0.2445967889601185,-0.014462523199432531
-0.25124469880134825,-0.012263283800722946
-0.2616294122511341,-0.02569200506257774
-0.24397007111580138,-0.038617262199743485
-0.24848322714528726,-0.05410576815628887
-0.24452726302608363,-0.017993756194612853
-0.2615616090836064,-0.023797334130130632
-0.25986517629315775,-0.03685802250952275
-0.24292398268176663,-0.05261253243062036
-0.2539941110918599,-0.05740394402499227
-0.2668924639301915,-0.02865471531502639
-0.27497014691752775,-0.0321067696187034
-0.27291070261309225,-0.04845887748756217
-0.25720940866777975,-0.07184862734666508
-0.2652595889183783,-0.05306991653062809
-0.27330976916897687,-0.03010369296097637
-0.26607741079022806,-0.04280925390139145
-0.25884505241147937,-0.058238774389769876
-0.2578233288180444,-0.07875250821089863
-0.25836846136277725,-0.04375560248076027
-0.2760303866478705,-0.0417738577619714
-0.27496922400689894,-0.051945548745530146
-0.2739080613659274,-0.056890307374261484
-0.26868463331653225,-0.05576753379100596
-0.2634612052671371,-0.06939644125563593
-0.2582377772177419,-0.07544150281308304
-0.261748529249622,-0.08148656437053015
-0.265259281281502,-0.07047199609860855
-0.268770033313382,-0.07698021124844523
-0.2722807853452621,-0.09157960806319965
-0.2757915373771421,-0.10818489036749845
-0.27930228940902213,-0.09703800334266166
-0.28281304144090225,-0.0718656321663168
-0.28598902302403606,-0.08827756056145053
-0.2891650046071699,-0.1099163453970382
-0.2870056845925071,-0.12354737846412467
-0.2848463645778443,-0.11638071999621036
-0.2826870445631817,-0.10921406152829605
-0.28052772454851893,-0.10965307434992999
-0.27836840453385614,-0.11337295456312191
-0.27620908451919335,-0.11709283477631371
-0.27404976450453045,-0.12081271498950563
-0.27189044448986766,-0.10452065539004196
-0.2697311244752051,-0.10188741351834574
-0.2675718044605423,-0.11768701657726988
-0.2654124844458795,-0.08993507499125464
-0.272111585063319,-0.08547654792444026
-0.24688991423576112,-0.10100301106770837
-0.24403972010458674,-0.10476236675509176
-0.222932630969632,-0.06964020230876866
-0.22019072501890125,-0.07551081263603854
-0.2275245420394405,-0.08241340295592348
-0.21130851007276963,-0.08429721813296798
-0.21896030056861138,-0.0638344987707945
-0.20667389900453625,-0.05376825285195119
-0.19535519999842488,-0.06592616750233204
-0.20260078676285287,-0.06704894108558768
-0.2077804073210685,-0.04149631481265548
-0.20014473699754287,-0.03740574471393032
-0.2188878213205645,-0.05569867945429108
-0.19467889108965475,-0.0729813457128421
-0.20851689000283513,-0.057383523058535446
-0.19663090859690024,-0.03956338303599194
-0.20726419264270413,-0.04832306667346864
-0.2012623202416205,-0.06485721720984916
-0.19947335027879287,-0.0683826047982743
-0.19887591946509575,-0.03387982572489112
-0.20608299009261588,-0.03925638530977926
-0.2073380254930065,-0.045786463799168176
-0.20726419264270413,-0.04803216279442635
-0.2067105077928112,-0.05910108575773476
-0.20615682294291837,-0.058400775662702076
-0.2077804073210685,-0.03026569423390857
-0.21953964233398438,-0.03833622718924912
-0.23321877756426412,-0.05610914847150961
-0.23562363655336438,-0.06098102930173355
-0.23094718686995963,-0.07914916081215018
-0.2631182516774824,-0.0786462280880752
-0.25836846136277725,-0.0604095458984375
-0.2755005128922001,-0.07920214904481504
-0.292236574234501,-0.09600959132559861
-0.2881600164598034,-0.12160943633881371
-0.30455853862147175,-0.09939909218555654
-0.30456857442001295,-0.09279795784262279
-0.3045786102185538,-0.10537871555309386
-0.304588646017095,-0.1149575911944185
-0.3018982179703251,-0.12605801862270682
-0.29731049076203375,-0.11501927162284287
-0.30896660589402725,-0.10398052462297891
-0.3036497792889995,-0.10234517719022074
-0.29833295268397175,-0.09991151420631217
-0.28809504355153726,-0.1095508176888993
-0.28235441638577374,-0.1215794501613029
-0.3013902479602445,-0.08698830675722946
-0.2985109718897009,-0.08242236085199006
-0.2956316958191575,-0.09249278206137279
-0.2927524197486139,-0.10153038822003269
-0.28757538334015875,-0.11573776321031559
-0.2897161668346774,-0.07394720428618629
-0.2943611145019531,-0.07068622646047107
-0.2923010549237651,-0.07551544341281868
-0.29320316929971013,-0.08631676820973255
-0.2878115869337513,-0.10178386631296643
-0.28242000456779237,-0.0811850324792055
-0.28653483236989663,-0.06217865445720616
-0.28653483236989663,-0.06595843111104638
-0.2849704373267389,-0.07078544654656405
-0.28392533333070813,-0.08300105612076336
-0.2817643688571069,-0.09589032984491608
-0.29628618301883825,-0.06418522317611164
-0.3075845779911164,-0.060792989398709585
-0.30594745759041075,-0.06660506974405322
-0.29378251106508313,-0.07699645692436252
-0.27979315480878275,-0.0844338640051695
-0.2957735369282384,-0.0597827968312733
-0.3044321613927041,-0.05194539691678324
-0.3100322600333921,-0.061203837987795384
-0.3093110976680633,-0.07852689069301932
-0.3085899353027344,-0.09652641638001402
-0.3092308728071097,-0.07846836071109298
-0.3098718103114848,-0.07757765736745958
-0.31051274781586014,-0.0877696934031017
-0.3070184030840474,-0.10591998503575872
-0.30493767030777474,-0.09152616434429417
-0.304431515355264,-0.06969622711637125
-0.3039253604027533,-0.07564594022077109
-0.3034192054502426,-0.08583736894142568
-0.3029130504977319,-0.10965459263739896
-0.28653483236989663,-0.10124290048779538
-0.28757538334015875,-0.06769876812227926
-0.28867918445218,-0.06994947746618474
-0.27920052313035537,-0.07590883169601215
-0.2533078347482989,-0.09337688085451645
-0.2578233288180444,-0.07827424765819346
-0.26217122231760337,-0.050915314783504306
-0.23661127398090975,-0.06352051692222482
-0.24236543716922887,-0.05729113526605256
-0.228667474562122,-0.045585062966417955
-0.21721919890372987,-0.04351351154384331
-0.21079512565366687,-0.05423611313549437
-0.22235636557302163,-0.06567823115865978
-0.20066648913968,-0.03860192749630753
-0.19715536794354838,-0.04535997684915272
-0.19181577620967738,-0.04855141710879196
-0.18131256103515625,-0.026556062461131846
-0.18559474329794612,-0.024996857144939377
-0.17962265014648438,-0.025725103729399845
-0.1746824941327495,-0.030222802612911992
-0.16837729177167338,-0.02719890537546643
-0.16649763045772425,-0.030320808069029814
-0.15638388356854838,-0.04172193233053478
-0.16343209051316787,-0.043243332288751546
-0.14547064996534775,-0.025454393073694015
-0.14740925450478826,-0.008879552433146753
-0.15348495975617438,-0.0007662796855565368
-0.1595606650075605,4.805379839090129e-05
-0.16011514971333163,-0.003074000723919501
-0.16272267987651212,-0.0022612614418143773
-0.16019427391790575,-0.008397268418648962
-0.14555149693642888,-0.00917447977398167
-0.14490223077401942,-0.007526758298352032
-0.1442529646116102,-0.004551142602417624
-0.14360369844920073,-0.015567305076181537
-0.1429544322867915,0.013883903845032686
-0.1437013270118821,0.01956123617751082
-0.14444822173697247,0.02201015795048189
-0.14519511646206285,0.014694669353428225
-0.14594201118715344,0.017733066236201855
-0.15087738857474375,0.007199871006296599
-0.15581276596233418,-0.015652177345693463
-0.16074814334992438,-0.015244137588425022
-0.18924331665039062,-0.004871880830223829
-0.21903265676190775,-0.025383944535136815
-0.24292398268176663,-0.053667894050256515
-0.24403972010458674,-0.08214375510144589
-0.2527583952872984,-0.05794217693271919
-0.2636589542511971,-0.05281127626030002
-0.26749690886466737,-0.0681374772864195
-0.2664219025642641,-0.08974620003012279
-0.25932127429593,-0.08589768291112798
-0.26850300450478826,-0.08204916579213306
-0.27497014691752775,-0.06761184616468441
-0.26970820273122476,-0.07677569792638372
-0.27497014691752775,-0.08686327578416508
-0.2578233288180444,-0.10394127689190769
-0.2750364734280494,-0.08092016723025497
-0.26796660884734125,-0.0628462454572839
-0.2766260946950605,-0.07765174979594214
-0.26882270074659775,-0.09119768285039642
-0.2610193067981351,-0.10008528220712842
-0.29016937748078375,-0.09251502497279229
-0.2921720935452369,-0.06815053455865205
-0.29346459911715594,-0.0846630494986007
-0.2947571046890751,-0.10108636504975121
-0.2960496102609942,-0.09766570133949393
-0.29734211583291326,-0.09424503762923664
-0.29863462140483243,-0.08103996011155157
-0.2999271269767515,-0.09130100231265548
-0.29126837945753525,-0.09914758786633238
-0.2750364734280494,-0.11670407726990051
-0.29320316929971013,-0.09579908076803478
-0.30050006989509825,-0.07035721356595925
-0.29270264410203506,-0.08101809677199934
-0.28490521830897175,-0.09248777171272549
-0.274903820407006,-0.11347870328533116
-0.2776175468198715,-0.08321232582206162
-0.28803007064327113,-0.06652535965193562
-0.29268793905934976,-0.07427902601251557
-0.2906222189626386,-0.08206055294814985
-0.2802536256851689,-0.08621982555484298
-0.2755005128922001,-0.1051177978515625
-0.2701074333601101,-0.08028628221198697
-0.2647143538280199,-0.07597396622842822
-0.25932127429593,-0.08759045956739742
-0.264738513577369,-0.06201581812616608
-0.2445967889601185,-0.035544400191425685
-0.23675229472498738,-0.03422037760416663
-0.23343535392515125,-0.0392902431203358
-0.230118413125315,-0.0420251343380752
-0.23378556774508563,-0.013567340907765901
-0.24508396271736388,-0.01568668042842425
-0.2522083405525454,-0.017806019949082708
-0.24397007111580138,-0.038956371705923476
-0.23392708070816537,-0.060282085665422924
-0.23435161959740425,-0.0217132568359375
-0.2394246747416835,-0.01805866298390857
-0.24501431372857863,-0.026998871001438163
-0.23562363655336438,-0.040926805183069015
-0.23717498779296875,-0.06240829543687809
-0.23215496924615675,-0.03105558328960667
-0.23956495715725812,-0.01744588216145837
-0.2445967889601185,-0.02241554070467977
-0.24176499151414443,-0.035995407484064046
-0.23893319406817037,-0.04930456360774249
-0.23222597183719762,-0.04804901578533116
-0.23661127398090975,-0.015476891057408237
-0.25509065197360126,-0.026641542045631184
-0.2500724792480469,-0.0367009556708644
-0.24054656490202875,-0.0484736048760106
-0.23498793571226062,-0.058645295859569346
-0.2394246747416835,-0.023340785088230676
-0.2472366825226815,-0.017222162502915084
-0.24341238698651713,-0.030250739102339885
-0.24779092111895162,-0.041987936295087014
-0.23208408970986638,-0.05978097488631062
-0.24285421063823087,-0.04345725899312036
-0.24370698005922375,-0.028272334615982553
-0.24455974948021675,-0.036235372818524514
-0.24541251890120963,-0.04025443157746422
-0.24626528832220262,-0.05082026998795086
-0.21496335921748988,-0.036156270041394545
-0.2149529523014474,0.009406018612989842
-0.21494254538540458,0.008566101985191255
-0.214932138469362,0.006382045461170716
-0.2149217315533194,-0.01160480252545859
-0.2149113246372769,5.655620821665153e-05
-0.2149009177212341,0.011717914941892005
-0.2148905108051915,0.006450064739777606
-0.20688321513514363,0.0011822145376632065
-0.19887591946509575,0.004258037206545495
-0.21313845726751512,0.011849436593885931
-0.21787274268365675,0.01944083598122659
-0.231018312515751,0.001116624519006626
-0.21196783742597025,-0.015723612771105455
-0.22587819253244712,-0.012269736522465768
-0.22550722347792762,0.004091025584965768
-0.225136254423408,-0.0095942103447606
-0.22476528536888862,-0.029568572542560623
-0.22439431631436924,-0.048705978773126546
-0.22402334725984951,-0.02245661038071367
-0.22365237820533013,-0.014312516397504638
-0.21126414883521294,-0.022176182685206824
-0.19887591946509575,-0.03882640629858525
-0.19475420059696325,-0.02910754455262754
-0.195280259655368,-0.018998407012787655
-0.18749753890498988,-0.04021799267821047
-0.1862042334771925,-0.06305781881607586
-0.1868892792732485,-0.030727101795708922
-0.197754398469002,-0.02856991895988803
-0.18445033411825862,-0.04013365180931283
-0.1832264930971207,-0.06424215895619556
-0.18200265207598287,-0.05919529549518032
-0.18802938153666837,-0.032236431368547924
-0.19355023291803175,-0.0350164916384873
-0.19060639412172375,-0.056025111260105676
-0.18818123109879037,-0.04892449829708878
-0.17328643798828125,-0.041823885334071775
-0.16524161061932963,-0.02565753993703357
-0.162643801781439,-0.031530199952386484
-0.1623676053939327,-0.05631760934099039
-0.16209140900642638,-0.029140187733208922
-0.16469143282982612,-0.000579150755014024
-0.17962265014648438,-0.01109860548332553
-0.17715712516538562,-0.02551345445623443
-0.1737043934483682,-0.015852325591281913
-0.17025166173135076,-0.006191196726329284
-0.16962740498204387,0.013257382520988736
-0.1746824941327495,0.03374371125330389
-0.17522455030871975,0.020675507350940592
-0.15327219809255288,0.003932516373212014
-0.152632067280431,0.02543981751399249
-0.15247209610477575,0.05605213677705234
-0.16900265601373488,0.04873467440628887
-0.16641924458165325,0.03768981629936263
-0.15884719356413812,0.014681080680581493
-0.155029296875,0.040123707026391564
-0.16327445737777213,0.06826577257754196
-0.16532024260490175,0.06362869490438428
-0.17149832940870713,0.048322231615360645
-0.16343209051316787,0.0294835484443019
-0.16586992817540325,0.06257690126030013
-0.17157610001102575,0.07946374997570738
-0.17390724920457412,0.0730569564287935
-0.17762018019153225,0.05363942616021444
-0.17514714887065275,0.03558911375738494
-0.16962740498204387,0.0206370187636038
-0.17032955538841987,0.05902099609375
-0.17715712516538562,0.06509505694185314
-0.17946895476310487,0.05792600717117535
-0.17079728649508563,0.04261688687908105
-0.17406229819020913,0.04864296984316696
-0.18513722573557212,0.06862537896455234
-0.1746824941327495,0.06541404913907023
-0.172120863391507,0.07622607786264002
-0.180160891625189,0.08121974432646328
-0.18192598896641887,0.08621341079028677
-0.1843650981944095,0.08130194061431117
-0.1868042074224,0.052032167045631184
-0.18924331665039062,0.028831519890780477
-0.1833040791173135,0.013931881729050133
-0.18146588725428425,0.05205752244636197
-0.17406229819020913,0.0625835817251632
-0.190000964749244,0.050400235759678225
-0.186813231437437,0.03928416997046025
-0.186813231437437,0.06867024435925839
-0.20541751000189012,0.06572696818641166
-0.20154854559129287,0.026664164528917844
-0.19767958118069562,0.002320095081234541
-0.18924331665039062,-0.004556001122318132
-0.19060639412172375,0.012824442849230344
-0.17839111820344,0.03020488682077893
-0.1832102498700542,0.028372921160797482
-0.18802938153666837,0.016525724040928225
-0.18200265207598287,0.010079303191075972
-0.192872078188004,0.0012981357859140896
-0.18878838323777725,0.03459736838269589
-0.19723030828660537,0.03996087069535137
-0.20007016581873738,0.032632248911691475
-0.20081550844254037,0.026884771698149956
-0.2024522596789945,0.021362760173740725
-0.20252646169354838,0.015592508648165415
-0.20200630926316787,0.003960984263253975
-0.20785399406187,0.025850969760572218
-0.22019072501890125,0.03358512612717668
-0.2142340137112525,0.02803775920203666
-0.22766753165952625,0.0134524065463697
-0.21845294583228325,-0.0065747920553482775
-0.228667474562122,0.0092679303676928
-0.22984545691321967,0.012620764585276723
-0.23102343926431745,-0.0048367324753186836
-0.23220142161541513,-0.020185252327231007
-0.23337940396651302,-0.03675462713289024
-0.2345573863176107,-0.04498700953241608
-0.2357353686687086,-0.025541846431902937
-0.23691335101980615,-0.027914702002681868
-0.23620278814321394,-0.04362928096334728
-0.23549222526662172,-0.03907624050159364
-0.2347816623900293,-0.034523200039839885
-0.23407109951343696,-0.02997015957808613
-0.23336053663684475,-0.027389602281560954
-0.22987956385458674,-0.030486073660020208
-0.2177274150233115,-0.03714171452308768
-0.21145506828062,-0.03758801512457244
-0.20660006615423387,-0.00325915588075254
-0.19588076683782762,-0.005283792220537986
-0.19588076683782762,-0.011197218254430985
-0.18253892467867938,-0.021399882302355455
-0.17760190656108243,-0.030254079334771422
-0.17266488844348538,-0.00019084873484143117
-0.17900713028446325,0.012697514016829947
-0.1782369306010585,0.009372084888059629
-0.17676944117392268,0.003078251928832376
-0.17530195174678675,-0.008041230007190592
-0.18192598896641887,0.027011776444923807
-0.18878838323777725,0.029247986143501326
-0.18939504315776212,0.01795807643909364
-0.17954586398216987,0.008721119135766564
-0.1758436387585055,-0.007668414519200861
-0.178313962874874,0.019146288212259055
-0.19106022004158263,0.028181692854089002
-0.19181577620967738,0.020965576171875
-0.17946895476310487,0.009181160238844743
-0.1819596444406817,-0.008328945482548145
-0.18445033411825862,0.009006860837414532
-0.190000964749244,0.027137338818602252
-0.19045515983335437,0.019550608165228578
-0.19045515983335437,0.0036889830631996468
-0.18924331665039062,-0.018084170213386153
-0.183915784282069,0.010409606629936174
-0.19535519999842488,0.03034859272971091
-0.19362554242534025,0.02589720161400022
-0.191664788030809,0.016022032173118816
-0.17954586398216987,0.0026408333090406355
-0.189925286077684,0.014017209484802562
-0.19181577620967738,0.03933829691872659
-0.2060091572423135,0.02710059626185468
-0.2148905108051915,0.018542693028995583
-0.21581282373946942,0.0016926627847093645
-0.2167351366737471,-0.017551327226173807
-0.21765744960802502,0.002138356071206493
-0.2185797625423026,0.004620452425373234
-0.21950207547658052,-0.004778657979633061
-0.2204243884108582,-0.01779045750252639
-0.22134670134513612,-0.026128209052394324
-0.221923582015499,0.0017133114942864403
-0.22250046268586188,0.009059089926344743
-0.21845294583228325,-0.0002973566007851147
-0.21072166196761588,-0.013645532712414532
-0.21438007970010076,-0.022508535812150177
-0.20371418614541326,0.005204461700287544
-0.2012623202416205,0.012689543007618154
-0.19628539136661016,0.009213120190065371
-0.1913084624915995,-0.008582271746735093
-0.19601147832836296,0.0034014953309624563
-0.20071449416512666,0.02583350945467977
-0.20541751000189012,0.025676442616021422
-0.20615682294291837,0.01866111945157023
-0.20007016581873738,0.009024852543920936
-0.1942276493195565,-0.007236233991176899
-0.20674760880008825,0.009013769045397968
-0.20792770385742188,0.01651547560051303
-0.20781272970220088,0.0010495162128809632
-0.2076977555469799,-0.015009106688238516
-0.20758278139175912,-0.03247783907610391
-0.20746780723653802,-0.008867406133395539
-0.20406714818810912,0.002621095571945009
-0.20066648913968,-0.009294424484025177
-0.1862804043677545,-0.031206576978389355
-0.1728204296481225,-0.013897037031638693
-0.15756459389963462,0.011743953571983878
-0.14230875815114663,-0.008847668396299802
-0.14226808855610507,-0.03313434657765857
-0.1422274189610635,-0.01689694532707553
-0.15694095242408013,-0.014784551971587345
-0.164534168858682,-0.032902200423662986
-0.14409415952620963,-0.04871941561722637
-0.1474898553663685,-0.06360721113669932
-0.152632067280431,-0.022836030419193132
-0.15118974254977313,-0.026071652844177562
-0.14538980299426663,-0.047409740846548476
-0.14417414511403726,-0.06632691947974967
-0.142958487233808,-0.031347322226756846
-0.14797358359059976,-0.027113653534087345
-0.15006588351341987,-0.043022345547652385
-0.15892656387821325,-0.058981141047691255
-0.15447062830771174,-0.07443358767685015
-0.15518877583165325,-0.09168755830223885
-0.16469143282982612,-0.06888811861104638
-0.1668284289725792,-0.06357350515488958
-0.1689654251153323,-0.07943626897252021
-0.1711024212580854,-0.08355477556067314
-0.16900265601373488,-0.08767328214882619
-0.16641924458165325,-0.09179178873697913
-0.15821247716103826,-0.06495218609102926
-0.1608272675544985,-0.068335841544232
-0.148698499125819,-0.0796919485822839
-0.14490422894877775,-0.0781987128566154
-0.14474228889711438,-0.07724059754936252
-0.15638388356854838,-0.05933254868236937
-0.14942267633253525,-0.04080845467486782
-0.15773588611233624,-0.05027603984472173
-0.15319221250472526,-0.0725050589338464
-0.16209140900642638,-0.058297304371696224
-0.16343209051316787,-0.04218766701162158
-0.17522455030871975,-0.05535364862698222
-0.17095319686397425,-0.06464776945351369
-0.16900265601373488,-0.05625308212356184
-0.16138064476751512,-0.054363801111629306
-0.16027339812247987,-0.05640726421602926
-0.17266488844348538,-0.03578011432097328
-0.16670651589670493,-0.03685923713949779
-0.16074814334992438,-0.04781535134386661
-0.16074814334992438,-0.041915589897193684
-0.15948141774823588,-0.02359934944418529
-0.16782957507718,-0.02137004795359143
-0.15439088882938512,-0.021842159442047593
-0.14417525260679187,-0.06310131775205996
-0.13997600924584175,-0.055492951502254306
-0.13721952130717618,-0.04788458525244865
-0.13446303336851062,-0.032895216301305985
-0.14157695154989924,-0.05131340975785137
-0.13915080408896174,-0.03857588886621577
-0.13672465662802424,-0.02583836797458028
-0.13429850916708674,0.002459549785253312
-0.13116738104051162,0.0018105578066698325
-0.14797358359059976,-0.00647519239738803
-0.14165829073998237,-0.016579471417327407
-0.14490422894877775,-0.022680481868003755
-0.155029296875,0.004966621968283569
-0.15501276652018248,-0.0028571892733597615
-0.15499623616536462,-0.008400304993586794
-0.148611827563214,0.007931457823188826
-0.1422274189610635,-0.0195429408135106
-0.1323226190382435,-0.04113389959382774
-0.1336803436279297,-0.026181500942552893
-0.13503806821761588,-0.01436474548643496
-0.13905051446730088,-0.0193892142072839
-0.13846438930880633,-0.020620317601445892
-0.1378782641503119,-0.027474246807952407
-0.14428548915411843,-0.0571582851125233
-0.15069271415792496,-0.03395118523592977
-0.15709993916173137,-0.023197079179298807
-0.15676130787018805,-0.0469607073276197
-0.15642267657864484,-0.05058417628653611
-0.1560840452871015,-0.05420764524545241
-0.1557454139955582,-0.057831114204368816
-0.15540678270401498,-0.058817241915422924
-0.15506815141247166,-0.05407502283504351
-0.15472952012092833,-0.03949354181242226
-0.15439088882938512,-0.046174310333100155
-0.15356437108849974,-0.0501532103884873
-0.15273785334761414,-0.026504061115321775
-0.15191133560672887,-0.023414649773592977
-0.14084440662014874,-0.026412812038440592
-0.1399066063665575,-0.026512791268268
-0.13896880611296625,-0.015037574578280477
-0.13116738104051162,-0.003562357888292955
-0.12370454111406881,-0.012923738849696775
-0.116241701187626,-0.016736917827852915
-0.11684922249086438,-0.030934423949588008
-0.11745674379410287,-0.05529109518326336
-0.11806426509734125,-0.028728655914762147
-0.11867178640057963,-0.010212760659592646
-0.119279307703818,-0.021517853238689377
-0.1198868290070565,-0.031947880835082376
-0.12049435031029487,-0.03692566221626248
-0.12110187161353325,-0.0453773612406716
-0.11782640026461688,-0.03752899169921875
-0.1198438828991305,-0.0296806221577659
-0.12452894641507062,-0.016900589217000883
-0.12777316185735887,-0.0268837088969216
-0.13372285904422887,-0.03431777574529693
-0.140274170906313,-0.03675219787294004
-0.130341068390877,-0.04352656881607586
-0.1338050596175655,-0.042023540136232884
-0.14490422894877775,-0.004255304289101369
-0.1492618437736265,-0.0028119443067863292
-0.162643801781439,-0.00741971903179417
-0.16829902895035287,-0.015499209883201193
-0.15948141774823588,-0.022677824864933194
-0.17344161002866687,-0.012502717734569346
-0.1757662373204385,0.010055997478428225
-0.17266488844348538,0.007444467117537323
-0.17777436779391376,-0.005232474104088891
-0.1684554315382435,-0.01611138339066387
-0.1746824941327495,-0.02983624662332862
-0.17336396248109875,-0.00039718400186572467
-0.17344161002866687,0.0025472308865828186
-0.18498463784494712,-0.01245663770988803
-0.1862042334771925,-0.021608646829329947
-0.18749753890498988,-0.03007674335840327
-0.18192598896641887,-0.03975628145891641
-0.1863565752583165,-0.0373171526401197
-0.19407715335969,-0.004755124523865062
-0.20541751000189012,-0.016675503099735645
-0.21961199852728075,-0.027784660680970186
-0.21721919890372987,-0.042211580039256846
-0.21838046658423638,-0.05818100355157807
-0.22076895929151963,-0.04128975180251093
-0.21982839030604207,-0.028970519108558745
-0.2188878213205645,-0.03663453059409982
-0.219177492203251,-0.04239810165481184
-0.2194671630859375,-0.05280702505538715
-0.2091055839292465,-0.06399809424556901
-0.2054915889616935,-0.0314999860317553
-0.20482561665196575,-0.01414094991351833
-0.21598311393491687,-0.02004481073635722
-0.2132115517893145,-0.030771967190415084
-0.21072166196761588,-0.047875020041394545
-0.2073380254930065,-0.0447470441979555
-0.21953964233398438,-0.021413698718322438
-0.20482561665196575,-0.026387077065842646
-0.21013456775296124,-0.03648945822644589
-0.18192598896641887,-0.04117140129430974
-0.18696532710906,-0.047552687611745914
-0.17344161002866687,-0.04107519247836333
-0.17638471049647175,-0.03459769734498086
-0.17962265014648438,-0.028120202211598277
-0.1863565752583165,-0.04289351885591575
-0.180083982406124,-0.05716314363242381
-0.18085209015877013,-0.08102621960995804
-0.17514714887065275,-0.05066631563860391
-0.180160891625189,-0.04808666931455996
-0.1782369306010585,-0.06535544324277054
-0.17545090952227194,-0.07956782858170086
-0.17266488844348538,-0.09743359314268496
-0.17157610001102575,-0.06420177250952275
-0.17762018019153225,-0.05748251540150806
-0.18131256103515625,-0.0641294261116293
-0.18131256103515625,-0.0779844065803793
-0.18498463784494712,-0.08973989913712688
-0.1862042334771925,-0.10122748986998598
-0.19475420059696325,-0.06937685534728699
-0.2012623202416205,-0.07085316216767723
-0.2012623202416205,-0.08722014925373134
-0.19467889108965475,-0.10801408302724658
-0.20260078676285287,-0.11069127932116762
-0.20511204709288888,-0.08795621501865669
-0.20762330742292512,-0.08596361454446522
-0.21013456775296124,-0.10879911356304417
-0.20423310802828876,-0.1228720441979555
-0.20193186113911288,-0.09366687376107741
-0.19767958118069562,-0.07181628782357741
-0.19588076683782762,-0.08275752281075088
-0.19407715335969,-0.0897557652411769
-0.19887591946509575,-0.09320121499436407
-0.18077530399445563,-0.1064406058088464
-0.18513722573557212,-0.08864354375583028
-0.190000964749244,-0.0663332203727457
-0.20304636801442788,-0.07760346825443099
-0.19927765220724114,-0.09061283851737412
-0.19550893640005473,-0.10256654350318717
-0.191740220592868,-0.11051553754664178
-0.1942276493195565,-0.10261922807835822
-0.19543038645098287,-0.07204661203261042
-0.19407715335969,-0.07576072275342038
-0.19708055065524188,-0.09108517774895053
-0.189925286077684,-0.10152978090504505
-0.19060639412172375,-0.09922737387282343
-0.1833040791173135,-0.06527892155433768
-0.1863565752583165,-0.07363732181378269
-0.17079728649508563,-0.08836417886155157
-0.16280155797158513,-0.0945202272329757
-0.15773588611233624,-0.059216627434118485
-0.157194568264869,-0.052001953125
-0.15665325041740175,-0.06714854074354792
-0.1561119325699345,-0.08564796257967977
-0.15557061472246725,-0.06545724441756062
-0.155029296875,-0.0468527570885805
-0.16327445737777213,-0.05532912828435943
-0.15518877583165325,-0.06686469690123598
-0.15640824840914813,-0.06723614593050375
-0.15762772098664313,-0.038771368377837345
-0.15884719356413812,-0.04904569559429417
-0.15501846805695563,-0.06347944724619092
-0.15883113491919731,-0.06749015542405157
-0.162643801781439,-0.04785535821867226
-0.18437416322769662,-0.0593226038994481
-0.174604969639932,-0.07141363798682365
-0.1782369306010585,-0.08309276068388527
-0.17530195174678675,-0.056243592826881184
-0.1757662373204385,-0.05915468130538715
-0.17266488844348538,-0.0730108764041123
-0.17839111820344,-0.08274203627856813
-0.180160891625189,-0.053957431470576855
-0.18498463784494712,-0.06543447010552705
-0.17514714887065275,-0.08154926964299591
-0.1862804043677545,-0.0695317206691154
-0.1863565752583165,-0.05584466279442635
-0.18192598896641887,-0.07194686054590327
-0.183915784282069,-0.08751705036827584
-0.19113577565839213,-0.0650246843176695
-0.189849607406124,-0.074408839591107
-0.183839367282006,-0.08926444741623907
-0.18559474329794612,-0.11179940143034828
-0.19241948281565024,-0.11187053319826645
-0.20260078676285287,-0.09736997689773785
-0.2060091572423135,-0.1135849834081546
-0.2054915889616935,-0.12802716155550375
-0.20895841044764363,-0.12855981475678246
-0.21086846628496725,-0.12909246795806129
-0.209031997188445,-0.11895873416122515
-0.21189461984942037,-0.12171715883473255
-0.21481766239289313,-0.12456349235268971
-0.19655596825384325,-0.12740982587064675
-0.20660006615423387,-0.1302561593886039
-0.20363998413085938,-0.0976844901469216
-0.21145506828062,-0.10692053647776745
-0.21306536274571575,-0.10896172215096389
-0.20726419264270413,-0.10963379209907498
-0.19648090485603575,-0.10845317176325409
-0.19902530793220763,-0.07829884391518971
-0.19648090485603575,-0.07485464674916431
-0.19842763100900962,-0.07141044958313902
-0.20726419264270413,-0.07768355791841575
-0.19588076683782762,-0.08361656986065769
-0.20363998413085938,-0.0808795530404618
-0.20438126594789563,-0.06206516246890548
-0.21013456775296124,-0.07135207142995958
-0.21481766239289313,-0.0857881764274332
-0.21663776520759825,-0.09034045774545241
-0.21496335921748988,-0.1013430315463697
-0.2135940674812563,-0.08230894477806283
-0.21222477574502263,-0.07254438257929108
-0.21085548400878906,-0.09044089246152054
-0.2094861922725555,-0.09808911375738494
-0.2081169005363218,-0.10873246074315923
-0.20674760880008825,-0.10480821903665272
-0.21379606185420863,-0.08204028381044004
-0.20969378563665575,-0.07965566151177705
-0.21306536274571575,-0.09384162864874845
-0.20726419264270413,-0.09923079001962842
-0.192872078188004,-0.10459254630169468
-0.1863565752583165,-0.0964402535661536
-0.18253892467867938,-0.07122089139264609
-0.174604969639932,-0.07305452716884331
-0.17266488844348538,-0.08527712086539951
-0.16594843710622476,-0.09064373566736628
-0.16720076530210437,-0.09825407569088151
-0.16845309349798387,-0.07329699767762754
-0.16970542169386338,-0.0565138479963464
-0.16074814334992438,-0.0626173636213464
-0.16579154229933213,-0.07325008259483834
-0.16271572728310857,-0.07677326866643341
-0.15963991226688512,-0.08607536050217657
-0.16584144100066156,-0.05933376331234452
-0.172042969734438,-0.05558253046291972
-0.16829902895035287,-0.06432004710335049
-0.16829902895035287,-0.08015844240710512
-0.162643801781439,-0.08550144783893032
-0.17017364501953125,-0.08500959861337842
-0.17762018019153225,-0.05874967812305654
-0.17514714887065275,-0.061391650147698984
-0.180160891625189,-0.07914597240846544
-0.17762018019153225,-0.08696409007210049
-0.17946895476310487,-0.09769322029986782
-0.18461925752701303,-0.11469462380480411
-0.18976956029092107,-0.09719476652382619
-0.19491986305482922,-0.10117609583916354
-0.19457375618719286,-0.11348955904073388
-0.1942276493195565,-0.12646097211695428
-0.18939504315776212,-0.13466283693835512
-0.18077530399445563,-0.107536961190143
-0.19241948281565024,-0.09437272560537158
-0.19370085193264874,-0.10389208437791508
-0.19648090485603575,-0.12236895964513372
-0.18757358674080138,-0.13365492180212224
-0.18200265207598287,-0.10646345603525342
-0.180083982406124,-0.09636054347403611
-0.17653939031785537,-0.10320430015450088
-0.18749753890498988,-0.11832856894725596
-0.17266488844348538,-0.12358404510649879
-0.18574720813382062,-0.10876153594818871
-0.18506105484501012,-0.08871528283873598
-0.18445033411825862,-0.09389492053890702
-0.16970542169386338,-0.10663821092292447
-0.17266488844348538,-0.11591031658115669
-0.16161764821698588,-0.08788515916511197
-0.17336396248109875,-0.07510413933749227
-0.17406229819020913,-0.08156915920883867
-0.18085209015877013,-0.09027904301733525
-0.16327445737777213,-0.10166589537663251
-0.16244584184637811,-0.08223887581137279
-0.1616172263149841,-0.07932176479257358
-0.16078861078359008,-0.07640465377377437
-0.15995999525219629,-0.07348754275497515
-0.15913137972080216,-0.0729487025322606
-0.15830276418940814,-0.08480728680814675
-0.15747414865801412,-0.08586568500272074
-0.15946689728767638,-0.08329541410379737
-0.16145964591733875,-0.08072514320487412
-0.172042969734438,-0.10297997318097019
-0.18498463784494712,-0.12102633803638063
-0.20482561665196575,-0.13509365100765702
-0.20895841044764363,-0.11024110708663715
-0.21671049056514613,-0.11240603318854947
-0.2171465966009325,-0.1347972812937267
-0.201857413015058,-0.1465738021319185
-0.21496335921748988,-0.13375638136223178
-0.20423310802828876,-0.12093896059254505
-0.212553454983619,-0.12059195599152672
-0.21189461984942037,-0.1366906616818252
-0.19947335027879287,-0.15658561744500155
-0.20719035979240175,-0.12835754090873752
-0.20260078676285287,-0.10796413136951954
-0.20895841044764363,-0.12037597959907498
-0.21845294583228325,-0.133479635513837
-0.21013456775296124,-0.14037425482451027
-0.22580645161290325,-0.12932711928638063
-0.22695246050434725,-0.1141240513739894
-0.23498793571226062,-0.13068090030803015
-0.23477583034064187,-0.14217820808069026
-0.2345637249690229,-0.15001211593400188
-0.23435161959740425,-0.16169678038032498
-0.23435935153756093,-0.13637280820020992
-0.2343670834777175,-0.12803961151274879
-0.2343748154178742,-0.1461546788761272
-0.234382547358031,-0.14763402227145528
-0.23439027929818745,-0.15585122179629196
-0.23439801123834425,-0.12657173118781095
-0.22881021807270663,-0.12121445385377794
-0.22177960795740925,-0.13288909760280632
-0.21313845726751512,-0.13715510581856338
-0.21845294583228325,-0.1415543437597171
-0.2142340137112525,-0.10996606931164488
-0.21612868770476312,-0.11384650842467348
-0.2054915889616935,-0.12090449546700088
-0.20954685826455388,-0.13510966894045395
-0.212553454983619,-0.14334926320545704
-0.2188878213205645,-0.11300309973569655
-0.2188878213205645,-0.1102014038693252
-0.22350852720199088,-0.12397348584227297
-0.21721919890372987,-0.13246223108092348
-0.21838046658423638,-0.1399993896484375
-0.21612868770476312,-0.10972724269278611
-0.21721919890372987,-0.11114790427744092
-0.21721919890372987,-0.12286285855876866
-0.21605596234721525,-0.14078434426986164
-0.2194671630859375,-0.13760057136194026
-0.2155462695706275,-0.11507389201453666
-0.2102813720703125,-0.12398403794018187
-0.20081550844254037,-0.13673894322333646
-0.20482561665196575,-0.13592233230818562
-0.212480237407069,-0.1044478535059079
-0.21903265676190775,-0.11291883478117226
-0.21145506828062,-0.12002555885125155
-0.21109840287590897,-0.12939483490749382
-0.2107417374711983,-0.0990694719760572
-0.21038507206648727,-0.08184503204193871
-0.21002840666177636,-0.0898510377798507
-0.20967174125706534,-0.09164421119500155
-0.20931507585235465,-0.0941751204912935
-0.20895841044764363,-0.10005377774214863
-0.22019072501890125,-0.08056929099619092
-0.22177960795740925,-0.08054089902052242
-0.2293094511955015,-0.09641907345596235
-0.22987956385458674,-0.10384456198013836
-0.23151582287203876,-0.11347103593361318
-0.23052030994046124,-0.09306813709771455
-0.228667474562122,-0.082872609000894
-0.234422376078944,-0.09065914628517568
-0.22702395531439012,-0.10111331465232432
-0.23392708070816537,-0.10666880441542292
-0.2275245420394405,-0.11469697715038096
-0.23604706794984875,-0.10529346371171489
-0.23639968133741807,-0.09084521241449006
-0.23675229472498738,-0.10169011206176148
-0.23668178435294862,-0.11538627966126402
-0.22235636557302163,-0.12238027088677705
-0.226379640640751,-0.11869561494286385
-0.21612868770476312,-0.09462931618761661
-0.21605596234721525,-0.09618305566892105
-0.21013456775296124,-0.10509806011446676
-0.19467889108965475,-0.11485411990341265
-0.20141109343497987,-0.09883018987095771
-0.190000964749244,-0.07790158399895053
-0.19407715335969,-0.08391240817397383
-0.20066648913968,-0.10101417048060479
-0.197754398469002,-0.10958482732820274
-0.19835281372070312,-0.11269374866390702
-0.20047680024177794,-0.08862168041627794
-0.20260078676285287,-0.09199303774098255
-0.189849607406124,-0.10487388496968286
-0.18138934719947075,-0.11070327379217193
-0.1826153416787425,-0.11840653300878423
-0.17592091714182212,-0.08681279272582398
-0.17962265014648438,-0.08255323723180974
-0.18085209015877013,-0.09955228739116917
-0.17885318879158263,-0.1048337262661303
-0.1803895888790008,-0.11182202391363494
-0.18192598896641887,-0.09988319814501712
-0.18452675111832162,-0.08431103454893496
-0.18131256103515625,-0.09561658261427242
-0.189849607406124,-0.1142050520104555
-0.17954586398216987,-0.12304717865749382
-0.18445033411825862,-0.12011840212997515
-0.19362554242534025,-0.12365798570623443
-0.18498463784494712,-0.1344710013166589
-0.17762018019153225,-0.14364654389186882
-0.17762018019153225,-0.15027963818602297
-0.17328643798828125,-0.15814983310984143
-0.178313962874874,-0.1386333864126632
-0.18863665673040575,-0.12139558554881846
-0.19226861769153225,-0.13897166086073542
-0.19588076683782762,-0.15135139731032343
-0.19708055065524188,-0.15827251073732895
-0.19895061369865175,-0.16618278845032652
-0.18818123109879037,-0.13468394113417292
-0.183151122062437,-0.12169476409456625
-0.18863665673040575,-0.1366481496326959
-0.19045515983335437,-0.1474928974512204
-0.18437416322769662,-0.14797556103758547
-0.189925286077684,-0.1214526731576493
-0.19723030828660537,-0.12318708884775342
-0.20660006615423387,-0.14367713738436727
-0.20482561665196575,-0.15249094797011042
-0.20541751000189012,-0.16219910578941232
-0.21787274268365675,-0.1486826275118548
-0.209031997188445,-0.1320188911400031
-0.21306536274571575,-0.14392044295125928
-0.21372309038715975,-0.1572251201269046
-0.209031997188445,-0.16162777421486318
-0.20066648913968,-0.1538353915238262
-0.20962019889585437,-0.13373508738048046
-0.20260078676285287,-0.13840867986726524
-0.21540057274603075,-0.15217415728972328
-0.22408368510584675,-0.15859165476329296
-0.21072166196761588,-0.16535198154734143
-0.2102813720703125,-0.16195063804512588
-0.2055655448667465,-0.13448421041763836
-0.22011836882560487,-0.14996755419678953
-0.20615682294291837,-0.15923381444826645
-0.21130851007276963,-0.16474276870044313
-0.212553454983619,-0.16405688233636506
-0.2171465966009325,-0.17467669586637125
-0.22177960795740925,-0.15207820152168838
-0.212553454983619,-0.14270740717797725
-0.21481766239289313,-0.15635240848977772
-0.21313845726751512,-0.16314765588561098
-0.1960308936334425,-0.1664134922312267
-0.1930228202573715,-0.16717362285253423
-0.19655596825384325,-0.14017330947800066
-0.19708055065524188,-0.14184266655006217
-0.18749753890498988,-0.14503828210024095
-0.186813231437437,-0.15125027936489432
-0.18543806383686678,-0.15165042402732432
-0.18406289623629657,-0.1473974730837998
-0.18268772863572647,-0.12357372075171025
-0.18131256103515625,-0.12486145626846235
-0.19407715335969,-0.14468900006801932
-0.19947335027879287,-0.1545221888603856
-0.195280259655368,-0.15952403509794777
-0.19655596825384325,-0.1695170236464164
-0.21013456775296124,-0.14645621076745186
-0.2060091572423135,-0.14787231748969998
-0.19954804451234875,-0.15783630674751248
-0.19113577565839213,-0.1652305944642024
-0.18498463784494712,-0.1655393382210043
-0.19045515983335437,-0.13864985983170086
-0.1862042334771925,-0.12639712812888682
-0.189925286077684,-0.13211499873678478
-0.1863565752583165,-0.1418835084829757
-0.183151122062437,-0.14892669222248134
-0.19045515983335437,-0.15959008060284519
-0.19559804854854457,-0.14274870459713151
-0.20074093726373488,-0.14544761240185788
-0.20969378563665575,-0.16557334786030786
-0.2142340137112525,-0.18359481280122825
-0.22076895929151963,-0.19048024647271455
-0.2242274130544355,-0.17203062446556283
-0.23392708070816537,-0.186767578125
-0.23208408970986638,-0.20366520668143662
-0.2247303378197455,-0.21192825848783425
-0.22702191260553184,-0.21336326788907023
-0.22931348739131818,-0.19234068002273785
-0.2316050621771042,-0.20464791824568562
-0.23389663696289054,-0.2176184203494248
-0.23618821174867688,-0.21233663985978313
-0.23222597183719762,-0.20705485937014145
-0.23717498779296875,-0.18550269283465481
-0.231018312515751,-0.1981988403927627
-0.22587819253244712,-0.20275795400439212
-0.22702395531439012,-0.20282521413926458
-0.221923828125,-0.20161172287974194
-0.23548249275453625,-0.18834803946575718
-0.21721919890372987,-0.17535582585121268
-0.222428475656817,-0.17696513465387909
-0.21953964233398438,-0.174980808846393
-0.21825940532069044,-0.16652819884950254
-0.21697916830739672,-0.16490484588774879
-0.21569893129410278,-0.1338432653626399
-0.21441869428080906,-0.11926785748989432
-0.21313845726751512,-0.12811279296875
-0.21845294583228325,-0.13701656208702584
-0.2303780586488785,-0.13903618807816387
-0.22530438823084675,-0.14912619519589554
-0.23844134423040575,-0.13681789417171952
-0.22587819253244712,-0.13263577133861937
-0.22816774922032512,-0.14696574804201645
-0.2275245420394405,-0.1501336548458877
-0.2142340137112525,-0.15379584013526115
-0.21845294583228325,-0.15212716629256062
-0.22350852720199088,-0.13257838007229472
-0.22759615990423387,-0.12913163977475905
-0.23668178435294862,-0.13910807898981659
-0.24054656490202875,-0.14947714734433304
-0.23272262081023187,-0.15582169110502175
-0.23555300312657512,-0.16479287218691696
-0.22938069989604337,-0.14353980828280477
-0.2282391209756175,-0.13356093980779693
-0.22587819253244712,-0.14480309937130753
-0.22759615990423387,-0.15490669516188593
-0.22587819253244712,-0.15983991480585358
-0.23555300312657512,-0.1409890853350435
-0.24348215903005288,-0.13110943694612875
-0.246751231531943,-0.1468247750505286
-0.23717498779296875,-0.164496730216107
-0.23328965710055438,-0.17698532787721544
-0.23435161959740425,-0.15995583605410446
-0.24334261494298137,-0.14530481746540735
-0.23900345833070813,-0.15998377254353235
-0.24390042212701613,-0.17329847041647228
-0.238371079967868,-0.18300404714707708
-0.23491730228547125,-0.1564775912915889
-0.23956495715725812,-0.14381135399661849
-0.23787873791110126,-0.15486448677025033
-0.23222597183719762,-0.16171219099813428
-0.2394246747416835,-0.17187773291744401
-0.2388629298056325,-0.167127390999106
-0.24117672827935988,-0.14300719303871268
-0.248414070375504,-0.1573695851795709
-0.24889829081873738,-0.17036741645775033
-0.24862154068485387,-0.17871101341437345
-0.24834479055097025,-0.22262375864816542
-0.25417290964434225,-0.21810617019881062
-0.2527331998271327,-0.2009863402712998
-0.2512934900099232,-0.21138159908465481
-0.24985378019271354,-0.22354649785739278
-0.248414070375504,-0.22833752987989742
-0.2544054831227949,-0.23269205425509176
-0.24501431372857863,-0.21052627183904693
-0.23900345833070813,-0.2066887243470149
-0.22235636557302163,-0.21797726759270053
-0.20895841044764363,-0.22504747684915272
-0.20081550844254037,-0.20200913462472792
-0.21130851007276963,-0.19178946575715172
-0.21020803143901212,-0.20038729995044313
-0.20489969561176913,-0.20914349152674128
-0.2148905108051915,-0.21566939472559077
-0.2155462695706275,-0.21403936129897383
-0.21729180120652725,-0.19202776097539642
-0.20260078676285287,-0.18836686623037158
-0.2024522596789945,-0.19735748139186882
-0.20068662910051238,-0.19964106165947604
-0.20211563657261555,-0.1977071429959577
-0.20354464404471884,-0.175127247672769
-0.20497365151682212,-0.17923003998561882
-0.2091055839292465,-0.18333283229846864
-0.21663776520759825,-0.18665165687674912
-0.22019072501890125,-0.19259142519822758
-0.2177274150233115,-0.20193549768248598
-0.21845294583228325,-0.18238466177413715
-0.22809625441028225,-0.16872736233383867
-0.22938069989604337,-0.18441081640139145
-0.2401260868195565,-0.19928274581681438
-0.2533764992990801,-0.2061311332740594
-0.2576869841544859,-0.21294634615010888
-0.25604838709677424,-0.2292056866546175
-0.2609513805758569,-0.21006706579407652
-0.2620358620920489,-0.2045178010096005
-0.2539254465410786,-0.21154587778879042
-0.2589131016885081,-0.21951172482314985
-0.25110687748078375,-0.22179454594702275
-0.26419891849640875,-0.21493006464260722
-0.25986517629315775,-0.19107556698927242
-0.2605443154611895,-0.19918193152887909
-0.26581647319178425,-0.21067931521591265
-0.2571412363360005,-0.21703767539256846
-0.2583004120857485,-0.22001465754722482
-0.25823223975396925,-0.18908714180562036
-0.25836846136277725,-0.18667944153743
-0.24952020952778475,-0.20021558163770992
-0.2406165830550655,-0.20878980646085976
-0.24068660120810237,-0.19732962081681438
-0.23604706794984875,-0.1742682006228623
-0.23717498779296875,-0.18451163068932686
-0.2406165830550655,-0.19172759554279384
-0.24124662337764613,-0.19972745221645682
-0.24236543716922887,-0.2113163886378654
-0.2625773029942666,-0.195929835684857
-0.2527583952872984,-0.17845799080768032
-0.2620358620920489,-0.1951738803540889
-0.2522771281580771,-0.20809784694690614
-0.24903648130355338,-0.2021391759464397
-0.2472366825226815,-0.17277003046291972
-0.24173638128465225,-0.17811667978467038
-0.24390042212701613,-0.19038087455787467
-0.24285421063823087,-0.20053639577988958
-0.23498793571226062,-0.1768996964639692
-0.23208408970986638,-0.16414623355391011
-0.2422955420709425,-0.17882465723142105
-0.23562363655336438,-0.18940917057777518
-0.2527583952872984,-0.19261662877021146
-0.24501431372857863,-0.1656573850717118
-0.25179561491935487,-0.16755843281152827
-0.24619600849766887,-0.1791959544319418
-0.251175788141066,-0.18860698339357895
-0.24285421063823087,-0.1933418387797341
-0.24005594561176913,-0.1821850828863495
-0.25550128567603325,-0.16916402180989587
-0.24896732453377013,-0.1830751030006219
-0.2539941110918599,-0.19339535841301303
-0.2394246747416835,-0.19950418804415426
-0.24779092111895162,-0.19280656653257155
-0.24889829081873738,-0.17482343835024095
-0.25938932357295863,-0.19260190138176303
-0.2517267042590726,-0.20464343929765239
-0.25252283773114603,-0.2143494715144978
-0.25331897120321956,-0.18815749438840956
-0.25411510467529297,-0.18557587429065614
-0.2549112381473664,-0.2010418336782882
-0.24508396271736388,-0.20770096660253423
-0.25110687748078375,-0.20303678749805654
-0.25110687748078375,-0.1768831471305582
-0.23321877756426412,-0.17087201929804108
-0.231657951108871,-0.18158809225357586
-0.23096263024114794,-0.17763933020444655
-0.23026730937342488,-0.17047081183438273
-0.22957198850570182,-0.14676563775361473
-0.22887666763797887,-0.14881077097423046
-0.23094718686995963,-0.16068992804532023
-0.23094718686995963,-0.16654732927161064
-0.23164222471175644,-0.17483998768365205
-0.23233726255355347,-0.15725032369888836
-0.23303230039535028,-0.14417376921544622
-0.2337273382371473,-0.155735452376788
-0.234422376078944,-0.16731672144647858
-0.246751231531943,-0.17431245870258083
-0.24390042212701613,-0.18589486648787312
-0.24508396271736388,-0.18991764505111164
-0.2448341820829657,-0.1672256241983442
-0.24458440144856775,-0.17791080000388682
-0.24433462081416957,-0.19105590516655002
-0.2440848401797714,-0.19523347313724349
-0.2438350595453732,-0.19889072399234298
-0.24358527891097526,-0.2147663173390858
-0.24333549827657708,-0.19814425795825563
-0.2430857176421789,-0.18703479671952739
-0.24283593700778094,-0.20033195837220152
-0.24258615637338277,-0.20485675868703357
-0.2394246747416835,-0.21302286783854163
-0.2275245420394405,-0.2106803780171409
-0.22695246050434725,-0.18469549530181129
-0.21547354421307963,-0.1810115985016325
-0.20667389900453625,-0.19204210879197758
-0.19895061369865175,-0.19677225748697913
-0.1968524071478075,-0.2007154018724736
-0.19475420059696325,-0.17115510399661849
-0.19294498812767769,-0.159419576920087
-0.19113577565839213,-0.17099613929862412
-0.19226861769153225,-0.18145235735385568
-0.19181462257139148,-0.19505841459207862
-0.1913606274512506,-0.16969967362892568
-0.19090663233110983,-0.16202533778859607
-0.19045263721096906,-0.15435100194826645
-0.18999864209082817,-0.16016444875233204
-0.191918876863295,-0.16835052338405632
-0.19383911163576184,-0.17562949716748288
-0.19575934640822867,-0.17306214897193717
-0.19767958118069562,-0.16050515246035446
-0.20954685826455388,-0.16988672664509485
-0.21547354421307963,-0.18317538588794313
-0.222428475656817,-0.19427664837433922
-0.21953964233398438,-0.20157399343613958
-0.22923820249495963,-0.1900636283912469
-0.24054656490202875,-0.18705582500097173
-0.24619600849766887,-0.20316447547419159
-0.23949481594947075,-0.21136542932311098
-0.2378084736485635,-0.21501334271027672
-0.23158694851783013,-0.2193532156113961
-0.23094718686995963,-0.1928897686858675
-0.22809625441028225,-0.1932103550849269
-0.23279350034652213,-0.2091015867925995
-0.2418062763829385,-0.2170022233801695
-0.2406165830550655,-0.22575712441211904
-0.267563973703692,-0.21454123122182056
-0.2681007385253906,-0.20231210888914797
-0.27259435961323397,-0.22188199930523167
-0.2770879807010773,-0.2364243844255286
-0.27814557475428425,-0.24038893666433458
-0.2790844517369424,-0.2476514370287236
-0.28002332871960056,-0.225474267456662
-0.2797273205172631,-0.21933271873056592
-0.2750364734280494,-0.23682376994422416
-0.27596418319209925,-0.24972822654306592
-0.27611311020389684,-0.21984096546078202
-0.2762620372156943,-0.21430164545922725
-0.2764109642274918,-0.22898644594410755
-0.27655989123928937,-0.22979554133628732
-0.2589131016885081,-0.238606543090213
-0.2674297209708921,-0.22729218895755599
-0.2538570280997984,-0.2027519567688899
-0.24896732453377013,-0.21014335973938902
-0.26325348884828625,-0.22270604982898012
-0.2615616090836064,-0.22668593677122206
-0.25550128567603325,-0.22112672720382465
-0.2550221104775706,-0.19276709105837997
-0.24501431372857863,-0.20185540801850121
-0.24515361170614924,-0.2174705391499534
-0.24285421063823087,-0.2168496354895445
-0.24397007111580138,-0.2208179075326493
-0.24403972010458674,-0.21757681927277672
-0.24889829081873738,-0.19519361809118474
-0.2550221104775706,-0.20818438933263372
-0.2674297209708921,-0.22076712081681438
-0.26419891849640875,-0.23712962895483525
-0.25604838709677424,-0.22173070195895528
-0.2538570280997984,-0.20343936142043684
-0.2561168055380544,-0.21668611592914333
-0.2544741476735761,-0.2288878331730022
-0.238371079967868,-0.23644867702503114
-0.2527583952872984,-0.2205669346140392
-0.24779092111895162,-0.2005769340553094
-0.2494510527580015,-0.2192533882103156
-0.25110687748078375,-0.23769837944068717
-0.2494510527580015,-0.23292207480663096
-0.24334261494298137,-0.20615443898670704
-0.2534452869046119,-0.21476479905161694
-0.24730596234721525,-0.21936118662060788
-0.24515361170614924,-0.22781220241565614
-0.24564017018964213,-0.22282098419037621
-0.24848322714528726,-0.19508498462278456
-0.24117672827935988,-0.19614391421797261
-0.233856201171875,-0.20566517084985225
-0.22938069989604337,-0.2122487689725202
-0.22391682286416326,-0.21557252798507465
-0.21845294583228325,-0.19357406084810325
-0.220046135687059,-0.18113488344410755
-0.22987956385458674,-0.1934191196119014
-0.21481766239289313,-0.1997622209994947
-0.22300474105342738,-0.20832741201220462
-0.22695246050434725,-0.18001742386699315
-0.212553454983619,-0.17967801070331935
-0.21481766239289313,-0.18880390527829605
-0.21953964233398438,-0.1926975534923041
-0.21598311393491687,-0.19495107166802705
-0.2102813720703125,-0.19861743224794004
-0.20809903708837374,-0.17000340703708028
-0.20591670210643476,-0.20021558163770992
-0.203734367124496,-0.20710352048351988
-0.20615682294291837,-0.19300720822158735
-0.21013456775296124,-0.18382073397660137
-0.2188878213205645,-0.19153234377429262
-0.22523277036605338,-0.19499730352145528
-0.21896030056861138,-0.19521426680076182
-0.22530438823084675,-0.1950048949587998
-0.22134670134513612,-0.17678453435945274
-0.22645125850554437,-0.1914601492051461
-0.2394246747416835,-0.20443315648320892
-0.24445761403729838,-0.17576067720479638
-0.24889829081873738,-0.1865258667599502
-0.2517267042590726,-0.2014796318699471
-0.25055546914377524,-0.20596260336501093
-0.2550221104775706,-0.2123977888875933
-0.25110687748078375,-0.21691074656016796
-0.25986517629315775,-0.2231080164363728
-0.2539941110918599,-0.2244449444671175
-0.25055546914377524,-0.23088977111512754
-0.24341238698651713,-0.23803004933826954
-0.25110687748078375,-0.20870690796505753
-0.2527583952872984,-0.20439656575520837
-0.2522083405525454,-0.21736152610968595
-0.24285421063823087,-0.22577078899933922
-0.23668178435294862,-0.22427201152440923
-0.23668178435294862,-0.22649637858072913
-0.23668178435294862,-0.23240168177666354
-0.24054656490202875,-0.20717487999455841
-0.248414070375504,-0.21272255057719214
-0.2544054831227949,-0.22371229484899724
-0.25495356898153987,-0.22433168022193717
-0.2495892432428175,-0.23367932068174746
-0.24348215903005288,-0.22236397966223564
-0.2544741476735761,-0.20499302498736782
-0.2571977594847321,-0.21315085947217038
-0.25426986311498945,-0.23097479521338615
-0.25134196674524667,-0.23796415566211904
-0.248414070375504,-0.24401339251010568
-0.24615724625126012,-0.22223788588794313
-0.24390042212701613,-0.21131904564093595
-0.22987956385458674,-0.22831020070545704
-0.23296331590221775,-0.23476406116390702
-0.23604706794984875,-0.23699032607956316
-0.2303780586488785,-0.2043377321157882
-0.22530438823084675,-0.20478372905977926
-0.231657951108871,-0.21834492090329605
-0.222428475656817,-0.22762568080010104
-0.222428475656817,-0.23565028555950718
-0.22759615990423387,-0.208430807388837
-0.23215496924615675,-0.19818965475357586
-0.23505869219380038,-0.21563158936761506
-0.24173638128465225,-0.22677172001321522
-0.24201596167779738,-0.23138579563121886
-0.2422955420709425,-0.2369199534553793
-0.24189926475606927,-0.24005749450987246
-0.23429903420068898,-0.24293039805853545
-0.22669880364530848,-0.22838611507890239
-0.21189461984942037,-0.21896999985424437
-0.201857413015058,-0.2375618094828591
-0.18513722573557212,-0.242431223095946
-0.16970542169386338,-0.2473006367090329
-0.17762018019153225,-0.2221574166520911
-0.17266488844348538,-0.22914047620782807
-0.17715712516538562,-0.23464191493703357
-0.18131256103515625,-0.2090287089940921
-0.1757662373204385,-0.20788839919057056
-0.162643801781439,-0.21485392252604163
-0.16201253091135337,-0.2232570363514459
-0.13438083279517388,-0.24601441947974967
-0.13626886183215725,-0.2353320525060245
-0.1218555819603705,-0.1931399065463697
-0.11782640026461688,-0.18940917057777518
-0.11782640026461688,-0.19845505140314057
-0.11580301100207913,-0.20458121481621838
-0.117186515561996,-0.2107073782292962
-0.11857002012191276,-0.21683354164237412
-0.11995352468182963,-0.25036871611182365
-0.1213370292417465,-0.2451667975430465
-0.12272053380166326,-0.23996487897426932
-0.12410403836158013,-0.2236095827017257
-0.125487542921497,-0.2112884521484375
-0.12687104748141376,-0.1999903816488845
-0.12825455204133063,-0.1886923111493315
-0.1296380566012475,-0.19155063913829296
-0.13102156116116437,-0.1944089671272543
-0.13240506572108113,-0.1975073363650498
-0.16390462075510337,-0.20673981472034364
-0.197754398469002,-0.2176093106246113
-0.22127446820659025,-0.23120899105546489
-0.22447424721119646,-0.24447495190065294
-0.2276740262158028,-0.22507503376671334
-0.230873805220409,-0.23458057612328975
-0.23407358422501545,-0.24562270131277208
-0.23540191752936257,-0.2560879531784437
-0.2367302508337097,-0.24337457305756371
-0.2380585841380568,-0.23066119293668375
-0.23938691744240392,-0.23130760382657023
-0.23884380504649183,-0.2462593192484841
-0.23830069265057963,-0.2399763800018463
-0.24236543716922887,-0.23369344075520837
-0.2188878213205645,-0.20249961739155786
-0.21954792216076824,-0.20702221618955996
-0.22020802300097198,-0.22142932189637754
-0.2208681238411757,-0.23264195076861782
-0.22152822468137967,-0.19622514259755908
-0.2221883255215834,-0.19042646113912853
-0.22284842636178714,-0.1961910001081021
-0.22350852720199088,-0.20195553907707553
-0.22773508871755288,-0.21067574724036064
-0.23196165023311488,-0.2188061766363495
-0.23618821174867688,-0.1925823154734142
-0.2401260868195565,-0.19883781167405157
-0.24730596234721525,-0.20509330787468905
-0.25509065197360126,-0.21889127664898167
-0.2760303866478705,-0.2272337348900031
-0.2706439110540575,-0.235480616934857
-0.2859485995384955,-0.22107153745432995
-0.288543947281376,-0.21705217503789642
-0.2911392950242565,-0.23482198383084574
-0.28803007064327113,-0.24918012476679108
-0.2833367624590474,-0.25860633660311727
-0.28281304144090225,-0.2550044273262593
-0.28392533333070813,-0.22797124302802396
-0.2838599912581905,-0.23999015846062655
-0.2829439716954385,-0.25885313423118783
-0.2807137273973034,-0.2529493493227223
-0.27862224783948664,-0.24704556441425685
-0.2765307682816701,-0.23791708875058304
-0.27443928872385337,-0.25375487673935015
-0.2636589542511971,-0.2658110661293144
-0.26588378414031,-0.2657322670096782
-0.2786733565791961,-0.23732495663770992
-0.2723114259781376,-0.2275411881024565
-0.2776175468198715,-0.2460646747949704
-0.2706439110540575,-0.25977982098783425
-0.27384161180065525,-0.26159516140003114
-0.270109361217868,-0.23134168938024724
-0.2642664755544355,-0.23521734588774879
-0.26372638825447325,-0.25089108291550066
-0.25069341351909025,-0.26143004763778765
-0.2614938059160786,-0.24070102065356813
-0.25069341351909025,-0.21274471757423818
-0.25055546914377524,-0.22272943145600121
-0.23668178435294862,-0.23271938342953202
-0.2366024448025611,-0.24195239318544004
-0.23652310525217368,-0.1993500818660603
-0.23644376570178616,-0.19882080685439985
-0.23636442615139874,-0.1982915318427394
-0.23628508660101122,-0.21710842758861937
-0.2362057470506237,-0.22958267743314675
-0.23612640750023628,-0.20785226394881062
-0.23604706794984875,-0.20213298892500386
-0.23731197849396735,-0.1964137139011971
-0.23857688903808594,-0.2189623325025264
-0.23984179958220453,-0.23029300822547416
-0.24110671012632312,-0.1939507479691387
-0.2394246747416835,-0.18696791615652208
-0.25055546914377524,-0.20527284536788715
-0.25720940866777975,-0.21594314195623443
-0.2572777040543095,-0.2215598946187034
-0.25639471443750517,-0.23845843414762125
-0.25551172482070106,-0.21357894062402827
-0.25462873520389684,-0.2172966952347637
-0.2537457455870925,-0.2352105135941387
-0.2528627559702884,-0.24391796814268496
-0.25197976635348407,-0.23920492548649985
-0.25109677673667985,-0.23449188283031452
-0.25021378711987574,-0.2297788401741293
-0.2493307975030714,-0.23777277552666354
-0.2484478078862672,-0.24356458673429726
-0.24756481826946308,-0.2323960135034464
-0.24668182865265875,-0.22122744027259533
-0.23731576242754537,-0.21005886704174437
-0.23094718686995963,-0.18685245039451182
-0.24166636313161538,-0.19540329359064057
-0.23505869219380038,-0.1958337280880752
-0.20962019889585437,-0.20064244815959265
-0.22250046268586188,-0.18426506080437655
-0.20969378563665575,-0.155683299202231
-0.2171465966009325,-0.1646575927734375
-0.19648090485603575,-0.1696319580078125
-0.17592091714182212,-0.17506962866332398
-0.17715712516538562,-0.1729174561761505
-0.17390724920457412,-0.14120187332381062
-0.1782369306010585,-0.13697754209907498
-0.17530195174678675,-0.1511582711442786
-0.17017364501953125,-0.16241804284242845
-0.16138064476751512,-0.1715019567688899
-0.16657601633379537,-0.14077781563374536
-0.16782957507718,-0.14235759374514145
-0.17328643798828125,-0.14393737185653765
-0.164612800844254,-0.1601151803239661
-0.15829172442036288,-0.1704147111124067
-0.16657601633379537,-0.15533044919445738
-0.16720310334236388,-0.1574487259138876
-0.17087530320690525,-0.1595670026333178
-0.172042969734438,-0.17559146406638682
-0.16765871355610507,-0.18163857531191696
-0.16327445737777213,-0.19110061873250928
-0.16469143282982612,-0.16640225690395682
-0.17344161002866687,-0.16375451538693253
-0.1782369306010585,-0.17482586761019125
-0.1833040791173135,-0.18804620391693871
-0.17530195174678675,-0.19130604302705223
-0.19767958118069562,-0.20046351798138218
-0.201857413015058,-0.17870030948771765
-0.21496335921748988,-0.1804184795019046
-0.22235636557302163,-0.19463860810692635
-0.22695246050434725,-0.2034465732859142
-0.21605596234721525,-0.2047989119344683
-0.22062449301442788,-0.21689457679862412
-0.22235636557302163,-0.19536032605527054
-0.2188878213205645,-0.18421738657785292
-0.22350852720199088,-0.1970177645707012
-0.21605596234721525,-0.2097239328261039
-0.21598311393491687,-0.21529255577580841
-0.23108931510679187,-0.20669942827367072
-0.23787873791110126,-0.1831040263769046
-0.23900345833070813,-0.19892078608422725
-0.23717498779296875,-0.21437421960024095
-0.23668178435294862,-0.2182431956428793
-0.22580645161290325,-0.22634576446381371
-0.23604706794984875,-0.21558057490865978
-0.24334261494298137,-0.19476933265799912
-0.24173106258488042,-0.20841904066095307
-0.24011951022677958,-0.22401124565162467
-0.23850795786867862,-0.23601535778140548
-0.23435161959740425,-0.24980414091651115
-0.23435161959740425,-0.24525482025905632
-0.232651618219191,-0.22345031434623752
-0.22580645161290325,-0.23489000310945274
-0.22523277036605338,-0.25613152802880135
-0.21896030056861138,-0.2711360039402596
-0.22358039117628525,-0.2764721770784748
-0.23562363655336438,-0.2522123725853156
-0.23094718686995963,-0.2549398241944574
-0.22408368510584675,-0.2728726211471937
-0.21364999586536038,-0.2848236691299363
-0.22350852720199088,-0.27118682861328125
-0.21020803143901212,-0.2575499880966262
-0.21078498047312533,-0.2503867837327036
-0.21136192950723853,-0.26482288873017723
-0.21193887854135152,-0.2714327532260572
-0.21251582757546483,-0.2539078442018423
-0.21309277660957804,-0.22658648894200872
-0.21366972564369124,-0.23952032440337379
-0.21424667467780423,-0.24828737173507465
-0.21482362371191754,-0.256825537230838
-0.21540057274603075,-0.24719177549751248
-0.22523277036605338,-0.2270131277207711
-0.23272262081023187,-0.24226683052025033
-0.23073073356382312,-0.2530928274885339
-0.22873884631741437,-0.26404400725862875
-0.2315806111981792,-0.25337082592409044
-0.234422376078944,-0.22933823315065294
-0.2315499398016161,-0.24302582242595616
-0.22867750352428806,-0.25447591145833337
-0.22580506724696003,-0.25657205913790426
-0.222932630969632,-0.25125782525361473
-0.23844134423040575,-0.2278078752963697
-0.231018312515751,-0.23293976285564366
-0.22415567213489163,-0.2454726945108442
-0.20962019889585437,-0.2459270420359142
-0.21845294583228325,-0.23669752434118474
-0.2157591542889995,-0.2093762449957245
-0.21306536274571575,-0.2214365337618548
-0.21547354421307963,-0.22874488640780477
-0.21689076577463462,-0.23599493681494865
-0.2183079873361895,-0.22338821638875928
-0.22127446820659025,-0.212134669669232
-0.2183079873361895,-0.22753071191892105
-0.21953964233398438,-0.24313005286069655
-0.22809625441028225,-0.21881407173118783
-0.2282391209756175,-0.21919159391033116
-0.238371079967868,-0.23855416217253578
-0.23548249275453625,-0.2451672150721005
-0.22185171804120463,-0.25098293930736937
-0.22537625220514113,-0.24861684011582708
-0.23321877756426412,-0.2286234234102923
-0.23279350034652213,-0.23857906208702584
-0.23052030994046124,-0.24757582631277208
-0.22708634407289563,-0.24993038651955068
-0.22365237820533013,-0.24866671585918065
-0.22235636557302163,-0.24697230704388218
-0.22350852720199088,-0.22023663117517878
-0.2247303378197455,-0.22262049433010722
-0.23378556774508563,-0.2293209246735075
-0.22816774922032512,-0.22600597172827275
-0.21189461984942037,-0.22387854732684231
-0.22062449301442788,-0.21687263754469843
-0.228667474562122,-0.18896423643501248
-0.21780014038085938,-0.19003478092933768
-0.22695246050434725,-0.19985331824762909
-0.22127446820659025,-0.20659580515391796
-0.22120223506804437,-0.2048127283504353
-0.23108931510679187,-0.18604950406658116
-0.23675229472498738,-0.18813304996016011
-0.23498793571226062,-0.203403909408038
-0.212480237407069,-0.21209314450695738
-0.21729180120652725,-0.20202219189696047
-0.22307672808247225,-0.1828129706691154
-0.22069672615297375,-0.19227562140469523
-0.209031997188445,-0.2017035033572373
-0.20482561665196575,-0.21182175062189057
-0.20954685826455388,-0.19902372597461904
-0.21430698517830138,-0.17667855789412312
-0.21072166196761588,-0.1820116944574005
-0.21612868770476312,-0.19673331341340172
-0.21313845726751512,-0.19852891608850276
-0.20927798363470262,-0.205142576303055
-0.20541751000189012,-0.1929957451511971
-0.21262667256016887,-0.17854400179279384
-0.21372309038715975,-0.18864524423779538
-0.20667389900453625,-0.2060158952551695
-0.21605596234721525,-0.21521504720052087
-0.2171465966009325,-0.23122136509833646
-0.22580645161290325,-0.21390104531055654
-0.22408368510584675,-0.20237481416161385
-0.23208408970986638,-0.22177655424051612
-0.228407213764806,-0.23754480466320738
-0.2247303378197455,-0.24428706382637588
-0.22923820249495963,-0.24518399214863185
-0.2303780586488785,-0.21947437495141475
-0.22415567213489163,-0.22153689256354947
-0.21605596234721525,-0.23159425650069965
-0.21306536274571575,-0.24077458168143662
-0.21313845726751512,-0.2477946115370414
-0.21086846628496725,-0.2244264213599969
-0.2247303378197455,-0.20687600510630444
-0.22350852720199088,-0.2206985701375933
-0.22415567213489163,-0.23471570370802242
-0.21838046658423638,-0.22395734644647858
-0.227095450124433,-0.23095452607567635
-0.22465847384545112,-0.20738394817902672
-0.22307672808247225,-0.20355725644239742
-0.22415567213489163,-0.21771376880247206
-0.22816774922032512,-0.22277885171311407
-0.22580645161290325,-0.23169879059293375
-0.2275245420394405,-0.2102440221985774
-0.23094718686995963,-0.19592831739738803
-0.22695246050434725,-0.2050898158135106
-0.21605596234721525,-0.21544043697527981
-0.21013456775296124,-0.22222050149642414
-0.20925214213709675,-0.19019632671602926
-0.20836971652123237,-0.17999161298002175
-0.2086636020291236,-0.19445664135377794
-0.20895748753701482,-0.20880650762301778
-0.21013456775296124,-0.21199969391324625
-0.21306536274571575,-0.18656587363475596
-0.22127446820659025,-0.1899123310449704
-0.22523277036605338,-0.20442252847092657
-0.22587819253244712,-0.21988780462919777
-0.21953964233398438,-0.2116723511349502
-0.2177274150233115,-0.20063675458158425
-0.2282391209756175,-0.20821164259270053
-0.23158694851783013,-0.2217360159650964
-0.23151582287203876,-0.23934883383376093
-0.24626528832220262,-0.21900833661283425
-0.24682063441122737,-0.2096228148806748
-0.2544741476735761,-0.22516491638487246
-0.24896732453377013,-0.23934025550956162
-0.2545425661148564,-0.25073135907377175
-0.26217122231760337,-0.23065603075928953
-0.26294880528603826,-0.22891159437189057
-0.26372638825447325,-0.2421605503974269
-0.2624713282431327,-0.253688375748212
-0.2612162682317918,-0.2582253223627954
-0.2599612082204511,-0.23236121941561727
-0.2587061482091103,-0.23952601798138218
-0.25745108819776963,-0.2559147165782416
-0.25619602818642906,-0.26993139466243
-0.25494096817508816,-0.2446853865438433
-0.2536859081637475,-0.23761639191736628
-0.2524308481524067,-0.2531679827182447
-0.251175788141066,-0.2674203749319807
-0.24452726302608363,-0.24114337370763372
-0.23611770137663812,-0.22864384437674912
-0.23611770137663812,-0.24310948006549282
-0.23189261651808213,-0.2631478380801072
-0.22766753165952625,-0.2369089458712298
-0.2287735477570565,-0.22825895850338151
-0.22987956385458674,-0.2480663849939755
-0.23243374978342368,-0.2648693483267257
-0.23498793571226062,-0.24982099390741608
-0.231613528343939,-0.2345155934196207
-0.2282391209756175,-0.25162365661924746
-0.23668178435294862,-0.2701005318864661
-0.23435161959740425,-0.27508810622182056
-0.23830069265057963,-0.25172401542094214
-0.24348215903005288,-0.26016652880616453
-0.24341238698651713,-0.2747666088502798
-0.24110671012632312,-0.28527126027576954
-0.2544054831227949,-0.28146825382365515
-0.2620358620920489,-0.2651445379304649
-0.2685699462890625,-0.2802130096587375
-0.2681007385253906,-0.29202505842370186
-0.2664219025642641,-0.30145582512243474
-0.2754341863816784,-0.27968866908135104
-0.2764910113426947,-0.276340921126788
-0.27754783630371094,-0.2951361053618625
-0.2754341863816784,-0.30648765753750773
-0.27520216664960306,-0.3115549419649798
-0.27497014691752775,-0.2835272793746113
-0.2766260946950605,-0.29853000925548046
-0.27596418319209925,-0.31034258942105875
-0.2766260946950605,-0.3150448016266325
-0.274903820407006,-0.28845662738553324
-0.27443928872385337,-0.28946112637496113
-0.270109361217868,-0.30001284471198697
-0.2528270598380796,-0.3087754130956546
-0.2561168055380544,-0.29091260919523476
-0.2522771281580771,-0.2682101880733053
-0.24682063441122737,-0.27780697950676303
-0.24508396271736388,-0.28783519232451027
-0.23548249275453625,-0.2805663151527519
-0.24730596234721525,-0.25839939402110546
-0.231657951108871,-0.24363215052666354
-0.22300474105342738,-0.2456312796369714
-0.22408368510584675,-0.24369849968905477
-0.22120223506804437,-0.2372400843681981
-0.21922349006898956,-0.23007407117245804
-0.2172447450699344,-0.2212440149107976
-0.2152660000708796,-0.191826511971393
-0.21328725507182456,-0.19396539944321367
-0.21130851007276963,-0.2003899569535137
-0.222428475656817,-0.19903814970557365
-0.21780014038085938,-0.19567749630752485
-0.21072166196761588,-0.20066674075909519
-0.2155462695706275,-0.1814221434332245
-0.21438007970010076,-0.1695347116954291
-0.2293094511955015,-0.17983841777440923
-0.222428475656817,-0.19197036970907178
-0.234422376078944,-0.18936195183749227
-0.23272262081023187,-0.16986152307311098
-0.22816774922032512,-0.17865863249669622
-0.23016135923324088,-0.19115922462880908
-0.23215496924615675,-0.18979170310556592
-0.22594981039724038,-0.1904905708275031
-0.23222597183719762,-0.18732706705729163
-0.22408368510584675,-0.16860142038829296
-0.22580645161290325,-0.17430380446400806
-0.22408368510584675,-0.1804869542667522
-0.22408368510584675,-0.180507223404462
-0.2194671630859375,-0.18310751843808304
-0.21961199852728075,-0.17404144438938118
-0.2247303378197455,-0.15281085113980875
-0.22062449301442788,-0.1585707783105954
-0.2188878213205645,-0.166618992440143
-0.2077804073210685,-0.16955482900439212
-0.21605596234721525,-0.17807439547866133
-0.2183079873361895,-0.15770748005577584
-0.222428475656817,-0.1578841328027829
-0.231018312515751,-0.17418887010261197
-0.23328965710055438,-0.18192052129489278
-0.2183079873361895,-0.187381345834305
-0.22300474105342738,-0.18196060408407178
-0.220046135687059,-0.16559247828241608
-0.21896030056861138,-0.17321003017140857
-0.20667389900453625,-0.1845433628974269
-0.209031997188445,-0.18898776989078048
-0.20748175344159525,-0.18801120739078048
-0.2059315096947455,-0.17656908936761506
-0.20438126594789563,-0.1612701416015625
-0.20541751000189012,-0.17414104404734143
-0.20378826510521675,-0.1873345825802627
-0.21372309038715975,-0.19146903118683922
-0.209031997188445,-0.1980090544591495
-0.21540057274603075,-0.17843407778004505
-0.2188878213205645,-0.1805668161876166
-0.22695246050434725,-0.19628830335626557
-0.22069672615297375,-0.20323720144395208
-0.21663776520759825,-0.2074808908339164
-0.20674760880008825,-0.203487794790695
-0.20260078676285287,-0.18232188058729792
-0.21189461984942037,-0.19261047970596235
-0.22177960795740925,-0.20843057964571676
-0.21605596234721525,-0.21070899773592977
-0.21130851007276963,-0.21680241674926148
-0.21896030056861138,-0.2036683191707478
-0.222428475656817,-0.1956812920261971
-0.21547354421307963,-0.20957058579174437
-0.22300474105342738,-0.22496670395580687
-0.2177274150233115,-0.23263230964319026
-0.23392708070816537,-0.23847794414159673
-0.24054656490202875,-0.2192866387058846
-0.24117672827935988,-0.22915429262379505
-0.24117672827935988,-0.2462874075666589
-0.24117672827935988,-0.2539086792599502
-0.23498793571226062,-0.25877661254275497
-0.232651618219191,-0.23852531471062655
-0.2303780586488785,-0.22715098822294777
-0.24117672827935988,-0.24250353153665272
-0.2550221104775706,-0.2530156984851135
-0.2576869841544859,-0.2559119836607976
-0.2571412363360005,-0.2588661915034204
-0.2574481964111328,-0.23550688330806901
-0.2577551564862651,-0.22286364806825254
-0.2547409303726689,-0.23802116735657652
-0.2517267042590726,-0.24862420381005135
-0.25604838709677424,-0.2468052195079291
-0.25361208761892007,-0.22432864364699934
-0.251175788141066,-0.2355124250573305
-0.255569581062563,-0.24451860266538405
-0.2418062763829385,-0.24779567433826954
-0.24786032399823588,-0.2232628817582012
-0.24786032399823588,-0.21060514687305654
-0.23498793571226062,-0.21706060153334883
-0.23208408970986638,-0.22071792830282178
-0.23158694851783013,-0.22893269856770837
-0.23435161959740425,-0.2056605400730721
-0.220046135687059,-0.19389608962025806
-0.23611770137663812,-0.20900623833955223
-0.24508396271736388,-0.22299543542055345
-0.23773808633127524,-0.22432864364699934
-0.226379640640751,-0.22804692965834883
-0.22019072501890125,-0.20505762811916972
-0.22350852720199088,-0.2018877475415889
-0.22415567213489163,-0.2146901752225202
-0.22415567213489163,-0.21799412058360546
-0.22300474105342738,-0.22247003204193871
-0.23604706794984875,-0.20898369177063902
-0.228667474562122,-0.19004184096606813
-0.24005594561176913,-0.20625122981284982
-0.22923820249495963,-0.21755503184759795
-0.22235636557302163,-0.22218155742284673
-0.23004722595214844,-0.19796669423876712
-0.23773808633127524,-0.1920484096849736
-0.23094718686995963,-0.20606448045417447
-0.22130927902823272,-0.21753567368236937
-0.21167137118650592,-0.2150947229186101
-0.21379588410845796,-0.1827066146319185
-0.21592039703041,-0.18134235742673355
-0.21804490995236203,-0.1836268486668221
-0.22016942287431385,-0.18591133990691078
-0.22229393579626588,-0.2023773193359375
-0.22441844871821792,-0.17718589365185788
-0.22654296164016996,-0.18460250019434077
-0.228667474562122,-0.20547075413945892
-0.24619600849766887,-0.2257399677637204
-0.24803957375147,-0.24382322700462533
-0.24988313900527137,-0.22334767811333955
-0.2517267042590726,-0.22288892755460976
-0.2472555714268838,-0.24708109234102926
-0.242784438594695,-0.2452080190478273
-0.2571412363360005,-0.24333494575462533
-0.255569581062563,-0.21812750213774879
-0.23844134423040575,-0.22828924833838615
-0.24117672827935988,-0.24023369177063902
-0.23158694851783013,-0.24480092822022703
-0.2330640362155053,-0.21103558137049128
-0.2345411239131805,-0.20446557192067005
-0.23601821161085557,-0.22076324918376866
-0.24055108716410978,-0.22842900669989896
-0.24508396271736388,-0.22513212137554417
-0.25932127429593,-0.20518159629100596
-0.2571412363360005,-0.22036333226445892
-0.26749690886466737,-0.23314215057524879
-0.26534505044260337,-0.23554590329601988
-0.2589131016885081,-0.24175691367381846
-0.2609513805758569,-0.2143203963094683
-0.2614938059160786,-0.20514963633978545
-0.2670268397177419,-0.21656708219158116
-0.2680663447226247,-0.22127438066017568
-0.2691058497275075,-0.21866004146746731
-0.25666341473979337,-0.21636628867381846
-0.2690389079432334,-0.22355811275652981
-0.25986517629315775,-0.19576578472384176
-0.2648735046386719,-0.2050513272261738
-0.2664219025642641,-0.21462048582769744
-0.26419891849640875,-0.21912266365924282
-0.26850300450478826,-0.21664906971490205
-0.2631859317902596,-0.20035496042735546
-0.25932127429593,-0.21289259877370958
-0.2620358620920489,-0.22109438768073697
-0.25666341473979337,-0.22384878889245186
-0.25495356898153987,-0.22350656689696047
-0.2567317101263231,-0.19436812519434077
-0.24564017018964213,-0.19845133159884176
-0.23562363655336438,-0.20704073929668065
-0.2388629298056325,-0.2074843069807214
-0.222428475656817,-0.20474782156113958
-0.22300474105342738,-0.2077321674100202
-0.23435161959740425,-0.18575176789392878
-0.2303780586488785,-0.1869224434468284
-0.23611770137663812,-0.1963408361026897
-0.22300474105342738,-0.20067979803132774
-0.2177274150233115,-0.20096728576356504
-0.21612868770476312,-0.17371896013098564
-0.22300474105342738,-0.17882913617945428
-0.21130851007276963,-0.1929662144599269
-0.21663776520759825,-0.20083754809934706
-0.227095450124433,-0.17484765503537003
-0.2171465966009325,-0.17411014689734916
-0.22465847384545112,-0.18703927566756062
-0.21438007970010076,-0.19600491500019435
-0.21313845726751512,-0.18945365640061407
-0.21903265676190775,-0.16930833503381526
-0.2155462695706275,-0.17857839100396455
-0.21145506828062,-0.18976832147854472
-0.21364999586536038,-0.1883967005791356
-0.20482561665196575,-0.19731246416841575
-0.20423310802828876,-0.17260681456001248
-0.21079512565366687,-0.16069918959888063
-0.21130851007276963,-0.1692167063850668
-0.21547354421307963,-0.19202442074296489
-0.21896030056861138,-0.1988515521756452
-0.21953964233398438,-0.19820362299828975
-0.220046135687059,-0.17813512697741762
-0.22587819253244712,-0.18394280428910137
-0.22127446820659025,-0.1993934289732976
-0.2188878213205645,-0.2100245537449471
-0.222932630969632,-0.21034301454155002
-0.227095450124433,-0.18604836535097946
-0.2303780586488785,-0.1911877684332245
-0.222428475656817,-0.1961692696187034
-0.22415567213489163,-0.20552609571770053
-0.21605596234721525,-0.21069229657377175
-0.2303780586488785,-0.18921558892548973
-0.21020803143901212,-0.1851488559400264
-0.21430698517830138,-0.200700978141519
-0.20660006615423387,-0.21098464282590956
-0.20755847807853456,-0.21557579230313273
-0.20851689000283513,-0.18787532066231338
-0.21379606185420863,-0.18575495629761352
-0.20792770385742188,-0.200313131607587
-0.21656516290480088,-0.21676043610074625
-0.22011836882560487,-0.19045557430134485
-0.22134670134513612,-0.19363122437130753
-0.22069672615297375,-0.21027947421097637
-0.23498793571226062,-0.21834332670145362
-0.21189461984942037,-0.22623470173546334
-0.228667474562122,-0.21481011993256371
-0.21953964233398438,-0.19484441197333646
-0.22580645161290325,-0.2122322196391091
-0.22580645161290325,-0.2238815079874067
-0.23208408970986638,-0.23098800431436572
-0.23949481594947075,-0.24168099930037312
-0.24786032399823588,-0.23167017087414488
-0.24672772807459675,-0.21562589578960667
-0.24559513215095763,-0.23355322690745495
-0.2444625362273185,-0.24722024338755444
-0.23830069265057963,-0.25440060439987566
-0.2495892432428175,-0.24771877307796952
-0.23956495715725812,-0.22397936161477772
-0.24292398268176663,-0.24247787247842822
-0.23336053663684475,-0.2531592525652985
-0.23044918429466987,-0.25655209365768816
-0.2418062763829385,-0.2580509470469916
-0.24285421063823087,-0.23159812813374536
-0.246751231531943,-0.2356663034923041
-0.24480272108508694,-0.24884314086306747
-0.24285421063823087,-0.2520502194836365
-0.21896030056861138,-0.2552297411866449
-0.22358039117628525,-0.22624373554590327
-0.2132115517893145,-0.20956003369383547
-0.2142340137112525,-0.2150211618907416
-0.22537625220514113,-0.22268509746190923
-0.2142340137112525,-0.22071747281658116
-0.22076895929151963,-0.2190037058360541
-0.21961199852728075,-0.19166769910214554
-0.22069672615297375,-0.19232655994927705
-0.22127446820659025,-0.20391450948383083
-0.2177274150233115,-0.21495557187208492
-0.2102813720703125,-0.1952293737610774
-0.21262667256016887,-0.1737729352505053
-0.21372309038715975,-0.18033474594799437
-0.21104640345419612,-0.19013339370044313
-0.20836971652123237,-0.1976435267510106
-0.21481766239289313,-0.17008539456040117
-0.21838046658423638,-0.1701283620957711
-0.21787274268365675,-0.18543604001476988
-0.22358039117628525,-0.20274216381471544
-0.221923828125,-0.18427166535486628
-0.21598311393491687,-0.17149800922147074
-0.22019072501890125,-0.1873743617119481
-0.212480237407069,-0.20088582964085822
-0.22019072501890125,-0.1824667252118315
-0.21013456775296124,-0.17086116354263836
-0.20954685826455388,-0.18547817249203202
-0.19954804451234875,-0.19453210024098255
-0.20725570186491937,-0.2004121998649332
-0.21496335921748988,-0.17586065643462379
-0.21189461984942037,-0.17652543860288405
-0.21072166196761588,-0.18779302948149879
-0.21438007970010076,-0.20036505703902363
-0.209031997188445,-0.2100476317144745
-0.20363998413085938,-0.18513352123659044
-0.20809671955723918,-0.17544836547244247
-0.212553454983619,-0.19007395274603545
-0.21364999586536038,-0.20478304583041818
-0.22350852720199088,-0.19393753886815923
-0.23272262081023187,-0.17733104193388527
-0.238371079967868,-0.19130118450715172
-0.23491730228547125,-0.20394601394881062
-0.24068660120810237,-0.20761138764186882
-0.232651618219191,-0.17782084147135413
-0.2394246747416835,-0.1862791450462531
-0.24557076731035787,-0.19622719228564212
-0.24786032399823588,-0.19987055081040117
-0.24508396271736388,-0.20678308591320738
-0.25110687748078375,-0.18687287136096864
-0.24390042212701613,-0.17908473987484452
-0.24730596234721525,-0.19715342355604792
-0.24682063441122737,-0.21149144718303015
-0.2528270598380796,-0.19353124514148012
-0.24786032399823588,-0.18378733165228545
-0.25720940866777975,-0.20003763834635413
-0.2539941110918599,-0.21304283331875773
-0.26419891849640875,-0.21679733048624072
-0.2576869841544859,-0.194129298575482
-0.2604085860713836,-0.21226182624475276
-0.2642664755544355,-0.2219941248348103
-0.25720940866777975,-0.22735800671933304
-0.25069341351909025,-0.22114031587667138
-0.2576869841544859,-0.20221615312111318
-0.2494510527580015,-0.2031508108869714
-0.25495356898153987,-0.21631512238611628
-0.25179561491935487,-0.2222773613621346
-0.24341238698651713,-0.228197316032144
-0.25055546914377524,-0.22069720367887125
-0.24952020952778475,-0.20155137095285292
-0.246751231531943,-0.20940645891635568
-0.242784438594695,-0.22025598934040735
-0.23491730228547125,-0.2219743111833411
-0.23787873791110126,-0.22609000893967657
-0.22881021807270663,-0.19557068478408735
-0.22923820249495963,-0.19687808212356184
-0.22177960795740925,-0.21015656884036849
-0.20608299009261588,-0.21436655224852297
-0.21086846628496725,-0.20461421226387588
-0.209031997188445,-0.18294506167891011
-0.2077804073210685,-0.19136723001204914
-0.22530438823084675,-0.20873165605080068
-0.2155462695706275,-0.21813828197877794
-0.21379606185420863,-0.21777062866818253
-0.2073380254930065,-0.19238304024312036
-0.20844330326203375,-0.19737592858461595
-0.20133676836567538,-0.2061483658368315
-0.209031997188445,-0.2133803486230954
-0.20482561665196575,-0.21942518243742226
-0.2077804073210685,-0.19340294985035755
-0.2054915889616935,-0.1811698799702659
-0.20423310802828876,-0.19818631452114432
-0.209031997188445,-0.20644276177705223
-0.20423310802828876,-0.20696497675198222
-0.22011836882560487,-0.19088684385688748
-0.20851689000283513,-0.1725980084926928
-0.21086846628496725,-0.1861973093516791
-0.21020803143901212,-0.19552521207439366
-0.21313845726751512,-0.19531052622629042
-0.21903265676190775,-0.20550218269006526
-0.23618821174867688,-0.19627418328280477
-0.22134670134513612,-0.17978626459985225
-0.2253280762703188,-0.19605926969158116
-0.2293094511955015,-0.20702828933943562
-0.22987956385458674,-0.2102450090854322
-0.2188878213205645,-0.21437748391829914
-0.226379640640751,-0.19483393578980102
-0.2282391209756175,-0.18655668799556901
-0.22934415263514363,-0.19515452218886042
-0.23044918429466987,-0.20208375845382465
-0.23275393824423518,-0.2103458233733675
-0.23505869219380038,-0.1824717355604789
-0.22415567213489163,-0.18109912777421489
-0.2293094511955015,-0.19611203018112566
-0.23328965710055438,-0.20012881150886197
-0.22465847384545112,-0.20525606829135568
-0.2102813720703125,-0.20008402202852926
-0.21438007970010076,-0.1737833355196673
-0.21547354421307963,-0.17973168216534519
-0.21369758729011779,-0.18673129105449315
-0.21192163036715594,-0.1918594588094683
-0.21220047243179818,-0.20135179206506526
-0.2124793144964403,-0.18906026811742072
-0.21275815656108243,-0.17301439883104008
-0.2171465966009325,-0.18463597843303015
-0.22350852720199088,-0.20361039650380908
-0.22816774922032512,-0.21078559533873598
-0.226379640640751,-0.22198304133628732
-0.2501416360178301,-0.20842610069768341
-0.24896732453377013,-0.19929587900342038
-0.2534452869046119,-0.2239699482324704
-0.25641730523878525,-0.2413834908708411
-0.25938932357295863,-0.24938646003381526
-0.2506243798040575,-0.25662853943174746
-0.25124469880134825,-0.23486153521941078
-0.25179561491935487,-0.2278710360550762
-0.24952020952778475,-0.24144771443077584
-0.2561168055380544,-0.25319045337278456
-0.2615616090836064,-0.2577852467399332
-0.2544054831227949,-0.2669802993091185
-0.25932127429593,-0.24871036662391166
-0.2620358620920489,-0.23615762131724194
-0.2539254465410786,-0.2500711317679182
-0.2616294122511341,-0.25811517060692635
-0.2626449831070439,-0.26148212489797107
-0.2631859317902596,-0.2669424939511428
-0.2652777394940776,-0.2475876689550296
-0.2691058497275075,-0.24150609258395528
-0.26749690886466737,-0.25690334946361937
-0.2631859317902596,-0.2610229947673741
-0.25550128567603325,-0.268018504280356
-0.2615616090836064,-0.2653097276070818
-0.2587770031344506,-0.24181946711753732
-0.2610193067981351,-0.24872759918668375
-0.2707107297835811,-0.2637970578018113
-0.26534505044260337,-0.26669888472675685
-0.26325348884828625,-0.270670117430426
-0.2685699462890625,-0.28235098615807686
-0.2745057382891255,-0.27397292407590956
-0.2755005128922001,-0.2545864427860697
-0.2755005128922001,-0.26485826482820274
-0.26534505044260337,-0.27408254443116453
-0.2578233288180444,-0.2793181310245647
-0.26108698691091226,-0.26566887850785137
-0.2589131016885081,-0.2419082869344683
-0.2695743191626764,-0.2520751953125
-0.27488111680553806,-0.26283529860463306
-0.2759519700081118,-0.2717919800412002
-0.2770228232106855,-0.27459838259872515
-0.27010437750047256,-0.24728310048876712
-0.2631859317902596,-0.24359153633687036
-0.2571412363360005,-0.2556253309866682
-0.2500724792480469,-0.2576724379809935
-0.24612648256363412,-0.24421669120219214
-0.2527583952872984,-0.2142346889818486
-0.24612648256363412,-0.2166584071828358
-0.24612648256363412,-0.22696552940862091
-0.23773808633127524,-0.22553423981168375
-0.232651618219191,-0.21406866424712379
-0.2500034455330141,-0.19119786504489278
-0.2418062763829385,-0.19504391494675066
-0.24341238698651713,-0.20827935821381371
-0.23151582287203876,-0.21432472342875464
-0.23731576242754537,-0.20410710424926148
-0.22350852720199088,-0.17140364765527827
-0.212553454983619,-0.16878384262768187
-0.20719035979240175,-0.17591736447158735
-0.2055655448667465,-0.1823603691746346
-0.20519312650072108,-0.19055593310303953
-0.20482070813469544,-0.16594684657765857
-0.20444828976867013,-0.16039219187266796
-0.20660006615423387,-0.15483753716767723
-0.22120223506804437,-0.16809347731557056
-0.20200630926316787,-0.17306230080068408
-0.20844330326203375,-0.18230077639148012
-0.21079512565366687,-0.1847792288557214
-0.2177274150233115,-0.16822906038654384
-0.22134670134513612,-0.1683640361425296
-0.222428475656817,-0.1838848057077892
-0.22759615990423387,-0.19791393374922261
-0.21953964233398438,-0.21021570613728235
-0.21364999586536038,-0.21141712701142723
-0.20672402330624162,-0.17637808880402672
-0.20713544660998928,-0.18939846665111937
-0.20754686991373716,-0.21963607256685325
-0.2079582932174847,-0.20550506743625618
-0.20836971652123237,-0.19488813865244092
-0.2188878213205645,-0.2028715978214397
-0.2183079873361895,-0.21543018853486473
-0.22358039117628525,-0.2223343730565921
-0.22250046268586188,-0.22769886225610225
-0.23731576242754537,-0.23175352485618783
-0.24110671012632312,-0.21328044530764145
-0.24757159653530336,-0.23067516118139775
-0.2540364829442835,-0.24288879698188748
-0.2525716802125335,-0.24992552799965018
-0.25110687748078375,-0.24620913984763682
-0.23321877756426412,-0.24393876868100905
-0.24896732453377013,-0.25369498029870186
-0.24124662337764613,-0.22661761383512125
-0.2422955420709425,-0.24298042563063593
-0.24744464505103325,-0.25578915420456316
-0.2394246747416835,-0.2610295234034904
-0.24896732453377013,-0.2718192333012671
-0.2495892432428175,-0.24777176131063428
-0.24792948076801913,-0.2434177683360541
-0.24848322714528726,-0.2657108591563666
-0.24236543716922887,-0.28186255307932995
-0.235411859327747,-0.27109800879635026
-0.22816774922032512,-0.2603334645133707
-0.221130124984249,-0.27223843247143187
-0.20252646169354838,-0.27238136025803594
-0.19475420059696325,-0.27252428804464013
-0.18939504315776212,-0.2583173305834111
-0.1837628272271925,-0.24812666100649095
-0.18452675111832162,-0.26002737775963936
-0.16829902895035287,-0.24858298230527054
-0.17954586398216987,-0.2561564279432914
-0.17769733552009825,-0.27446363458585976
-0.17266488844348538,-0.24655682767801612
-0.16782957507718,-0.21514475049071047
-0.16662182346467047,-0.23247714066386815
-0.16541407185216106,-0.24552963029092822
-0.16420632023965154,-0.2443074847928327
-0.16299856862714213,-0.24835493552744092
-0.16327445737777213,-0.22394922360851988
-0.1671138271208732,-0.21725923149146842
-0.17095319686397425,-0.21056923937441696
-0.180237800844254,-0.22599784889031405
-0.1868892792732485,-0.22411843674692944
-0.18192598896641887,-0.22992793600357586
-0.19060639412172375,-0.23109443626593595
-0.18696532710906,-0.20103333126846235
-0.17893022106539813,-0.20200063221490205
-0.18467946206369712,-0.22053231765974812
-0.19181577620967738,-0.22730000813802087
-0.17939192248928937,-0.23239082602126093
-0.17413982268302675,-0.21001787328008392
-0.17885318879158263,-0.19154805804959574
-0.17954586398216987,-0.20441812543726678
-0.17769733552009825,-0.22092699648729008
-0.17025166173135076,-0.22713413523204296
-0.17087530320690525,-0.23275119155200563
-0.17071939283801663,-0.20512822848647383
-0.17962265014648438,-0.20270898923351988
-0.17839111820344,-0.21711313427977297
-0.172042969734438,-0.2265297049906716
-0.1758436387585055,-0.2321790249193486
-0.17273552187027474,-0.23478136964105256
-0.16962740498204387,-0.20412388132579296
-0.17839111820344,-0.2127967948344216
-0.18085209015877013,-0.22582013334207862
-0.17142055880638862,-0.2302505720907183
-0.171342542094569,-0.2378924924935868
-0.17149832940870713,-0.21401324675450872
-0.17962265014648438,-0.19371586889769898
-0.18878838323777725,-0.20167093609102926
-0.19181577620967738,-0.22096244849968905
-0.194001966907132,-0.22402460658135104
-0.1839920782273815,-0.2307632218545942
-0.190000964749244,-0.20747208476659673
-0.20252646169354838,-0.1947269724376166
-0.20378826510521675,-0.20897063449840636
-0.20371418614541326,-0.21743508713755444
-0.2142340137112525,-0.22329332342195274
-0.21953964233398438,-0.2209740633988262
-0.2148905108051915,-0.2330297973025498
-0.21438007970010076,-0.22480143836481659
-0.209031997188445,-0.20318292266693871
-0.21656516290480088,-0.22106174450015548
-0.20844330326203375,-0.22958366432000155
-0.21605596234721525,-0.23307094289295704
-0.2183079873361895,-0.23454375765216884
-0.21896030056861138,-0.2332070573645445
-0.21547354421307963,-0.2415151263943952
-0.21780014038085938,-0.2487206909787002
-0.2303780586488785,-0.22469242532454914
-0.23328965710055438,-0.22557288022776745
-0.2346959575530021,-0.24045779100104947
-0.23610225800544982,-0.2506296338133551
-0.231657951108871,-0.25502818852514775
-0.23272262081023187,-0.2725278180630053
-0.23611770137663812,-0.24731604732684231
-0.231018312515751,-0.24179616140488958
-0.23272034429734756,-0.2561480014478389
-0.234422376078944,-0.26288934963852617
-0.22702395531439012,-0.26551940310653765
-0.22307672808247225,-0.2640858360783971
-0.231018312515751,-0.23575049253245495
-0.23328965710055438,-0.24200234484316696
-0.22809625441028225,-0.25369839644550685
-0.22019072501890125,-0.2548293687810945
-0.21779564888246594,-0.25986051796680654
-0.21540057274603075,-0.244730859253537
-0.21431197768532184,-0.2109795565628887
-0.21322338262461304,-0.22511375009717038
-0.21213478756390414,-0.23814460412779848
-0.21104619250319512,-0.24369037685109607
-0.21258944410332892,-0.24266629195331935
-0.21413269570346238,-0.2169718576307914
-0.21567594730359607,-0.21420280494500155
-0.21721919890372987,-0.23169294518617845
-0.21547354421307963,-0.24230645782318871
-0.21780014038085938,-0.24402971410039642
-0.2171465966009325,-0.2530487971519356
-0.22695246050434725,-0.22658193407960203
-0.2378084736485635,-0.21625089882618154
-0.24117672827935988,-0.22786359644647858
-0.23668178435294862,-0.23467896115127485
-0.23726220284738853,-0.23417481379722482
-0.23784262134182843,-0.23152790733830841
-0.23842303983626822,-0.23719020862484452
-0.23900345833070813,-0.236514646615555
-0.23964728078534525,-0.21542654464493938
-0.24029110323998237,-0.208943457152713
-0.23668178435294862,-0.22247906585237875
-0.23614075363323261,-0.22779929697217038
-0.23559972291351639,-0.23257408331875773
-0.23505869219380038,-0.24256077097423046
-0.23611770137663812,-0.22402802272815614
-0.23498793571226062,-0.2028230885368082
-0.22523277036605338,-0.21321265377215481
-0.22127446820659025,-0.22336483476173818
-0.2171465966009325,-0.23238604341573388
-0.21306536274571575,-0.20698053919853854
-0.21104867996708043,-0.183624267578125
-0.209031997188445,-0.19825995146338615
-0.20304636801442788,-0.2145140538761272
-0.20541751000189012,-0.18502412862445583
-0.2091055839292465,-0.17567246470285292
-0.2054915889616935,-0.19108080508104008
-0.2024522596789945,-0.20867168369577893
-0.20133676836567538,-0.1889233185877255
-0.1998447910431893,-0.17332974713833182
-0.19835281372070312,-0.19120796165656095
-0.2012623202416205,-0.20860829519395208
-0.20719035979240175,-0.1890680872978856
-0.22076895929151963,-0.17900586484083492
-0.22365237820533013,-0.19457802843691696
-0.22408368510584675,-0.2085348859948305
-0.21364999586536038,-0.21648312089455068
-0.2060091572423135,-0.19043059847248134
-0.21020803143901212,-0.18348746987717657
-0.2113817276493195,-0.19993310425412003
-0.22480207873928937,-0.20979863256957398
-0.231018312515751,-0.21503907768287467
-0.23668178435294862,-0.22779868965718286
-0.23491730228547125,-0.20217622216068099
-0.2534452869046119,-0.20833485162080223
-0.2544741476735761,-0.22126830751030002
-0.26480607063539563,-0.23089508512126866
-0.2620358620920489,-0.23919943434682056
-0.2695293426513672,-0.2393925605128654
-0.2684721075078492,-0.2135701345567086
-0.26741487236433137,-0.2286107457099269
-0.2663576372208134,-0.24262461496229792
-0.2653004020772953,-0.24800519800897858
-0.2642431669337776,-0.24824432828533116
-0.2631859317902596,-0.2541083340621113
-0.2706439110540575,-0.22874298854846864
-0.26581647319178425,-0.23059173128498134
-0.2522083405525454,-0.23628075443097019
-0.2544741476735761,-0.24394134976970616
-0.2539254465410786,-0.2492755491342118
-0.2589131016885081,-0.22734252018715018
-0.2522083405525454,-0.22507936088599967
-0.26480607063539563,-0.24280400062674912
-0.2674297209708921,-0.2486934377186334
-0.25550128567603325,-0.25349517366779384
-0.2533764992990801,-0.2620139050839553
-0.25055546914377524,-0.23949474125952275
-0.24117672827935988,-0.2344581262389226
-0.24619600849766887,-0.25093769434079605
-0.233856201171875,-0.261134664810712
-0.22480207873928937,-0.24477610422011042
-0.22587819253244712,-0.2138460833041822
-0.21721919890372987,-0.22521350158387754
-0.22759615990423387,-0.23956367151061098
-0.212553454983619,-0.24810343120821676
-0.20423310802828876,-0.23820032527790735
-0.21430698517830138,-0.21222591874611318
-0.2060091572423135,-0.21833983464027518
-0.20844330326203375,-0.23313486279539797
-0.2148905108051915,-0.2423459332973803
-0.21496335921748988,-0.22719456307330532
-0.20719035979240175,-0.2163443873770794
-0.20260078676285287,-0.20549421168085358
-0.20482561665196575,-0.21674343128109452
-0.20026017773535942,-0.24494964447780632
-0.20384674943903447,-0.2527649533096238
-0.2074333211427093,-0.2068843556873834
-0.21101989284638434,-0.22309435184915272
-0.21460646455005938,-0.2265133074860075
-0.2181930362537342,-0.24073313243353545
-0.22177960795740925,-0.2425093769434079
-0.21547354421307963,-0.23444932017160292
-0.21721919890372987,-0.27226932962142414
-0.22300474105342738,-0.2610058381189755
-0.2264240018783077,-0.25579871941561727
-0.229843262703188,-0.2766374426694652
-0.2332625235280683,-0.27506318100253935
-0.23668178435294862,-0.2734889193356137
-0.2303780586488785,-0.27191465766868783
-0.21953964233398438,-0.25801549503459265
-0.2171465966009325,-0.27781016791044777
-0.21130851007276963,-0.28728868475007774
-0.21721919890372987,-0.27354939778645837
-0.231018312515751,-0.2598101108228389
-0.2293094511955015,-0.24318395206584265
-0.24285421063823087,-0.2534640487746813
-0.23498793571226062,-0.2569879180756375
-0.23717498779296875,-0.25715659981343286
-0.23272262081023187,-0.26736844950054417
-0.233856201171875,-0.24224906655686407
-0.22019072501890125,-0.23637621675557763
-0.21990136177309094,-0.23050336695429108
-0.22374876083866246,-0.24455595253711904
-0.22759615990423387,-0.24309308256082862
-0.237245375110257,-0.24891852383589863
-0.2523459157636089,-0.22399150791452893
-0.2494510527580015,-0.21872100070934386
-0.264738513577369,-0.23567116201220462
-0.27344279135427163,-0.24646246611182365
-0.2786073992329259,-0.24860833770600121
-0.28958671323714713,-0.2539146764954524
-0.28803007064327113,-0.2627603711180426
-0.27913456578408513,-0.2743137036983053
-0.29126837945753525,-0.2602293859073772
-0.27556671634797125,-0.23953588684993
-0.2760967131583921,-0.2490315603379586
-0.27708902666645663,-0.25864695079291045
-0.2807795616888231,-0.26040011733325563
-0.2770228232106855,-0.26798806261660446
-0.2754341863816784,-0.26245891514109143
-0.27913456578408513,-0.23639219673118783
-0.2829439716954385,-0.2411067070652596
-0.2829439716954385,-0.2531380724551072
-0.2829439716954385,-0.25867762019978235
-0.28490521830897175,-0.2711892958304182
-0.2916558788668725,-0.2610603446391091
-0.2964144060688634,-0.24358698147446367
-0.2999271269767515,-0.25914578414081935
-0.2943611145019531,-0.2655121912410603
-0.29300849668441276,-0.2664422941445118
-0.2916558788668725,-0.26477073555562036
-0.298460683514995,-0.27495958318757774
-0.2937181534305695,-0.24468599385883083
-0.2927524197486139,-0.24906966935342822
-0.28653483236989663,-0.2651385406949627
-0.2914425634568737,-0.2745939036506918
-0.29635029454385076,-0.27529702257754196
-0.28906828357327374,-0.27056364752166895
-0.2948108796150454,-0.26583027246579605
-0.2727774343182964,-0.2432202391363495
-0.27344279135427163,-0.24874885521124845
-0.2674297209708921,-0.24906268523107122
-0.2676981649091167,-0.24776887656444346
-0.26796660884734125,-0.22617488120918838
-0.2616294122511341,-0.211805125374106
-0.25666341473979337,-0.22638076098997206
-0.25550128567603325,-0.2345946202823772
-0.2561168055380544,-0.23730886279053953
-0.2422955420709425,-0.24799836571536849
-0.2528957243888609,-0.23909072496404693
-0.25069341351909025,-0.2192840576171875
-0.25550128567603325,-0.23014854317280786
-0.24285421063823087,-0.24466724300858989
-0.246751231531943,-0.25388795463599967
-0.24334261494298137,-0.2534384656308303
-0.2501416360178301,-0.22993378141033116
-0.25938932357295863,-0.22427163195254196
-0.25938932357295863,-0.23476732548196522
-0.2626449831070439,-0.24127106168376866
-0.24896732453377013,-0.2458553029530084
-0.24348215903005288,-0.240617970329019
-0.2500724792480469,-0.21533757299926148
-0.24445761403729838,-0.21863628026857895
-0.24779092111895162,-0.23172065393248598
-0.24612648256363412,-0.2380853150021377
-0.23491730228547125,-0.24407108743392414
-0.22250046268586188,-0.22590515744033735
-0.20615682294291837,-0.19958245576317635
-0.20066648913968,-0.20364417839999227
-0.20252646169354838,-0.21824949653587533
-0.19060639412172375,-0.22224843798585203
-0.20141109343497987,-0.20529653065240205
-0.1942276493195565,-0.17396598550217657
-0.19482938704952113,-0.17958934271513527
-0.18506105484501012,-0.19280246715640548
-0.1861880671593451,-0.19673475578649724
-0.1873150794736801,-0.19747605964319026
-0.18844209178801508,-0.17514212688996422
-0.18956910410235006,-0.1762058011334927
-0.19069611641668505,-0.1772694753770211
-0.19182312873102003,-0.19029653368897703
-0.19295014104535502,-0.20103067426539178
-0.19407715335969,-0.18102108779831316
-0.20482561665196575,-0.19513372165053633
-0.19947335027879287,-0.20869354703533116
-0.2012623202416205,-0.22794026996365824
-0.2077804073210685,-0.24054304284242845
-0.216506588843561,-0.23058072370083182
-0.22523277036605338,-0.218882470581662
-0.22816774922032512,-0.23746418359860855
-0.228667474562122,-0.25480955512962533
-0.22702395531439012,-0.2641562846169543
-0.23449300950573337,-0.2464705130354089
-0.22881021807270663,-0.231299708731732
-0.22580645161290325,-0.2491877162041356
-0.2194671630859375,-0.2627566513137438
-0.21379606185420863,-0.2734855537983909
-0.21903265676190775,-0.25552018957944655
-0.2132115517893145,-0.22734722687830378
-0.22523277036605338,-0.23816039431747515
-0.22645125850554437,-0.25194219333022383
-0.23208408970986638,-0.2595384891946517
-0.23328965710055438,-0.26658607596781714
-0.23661127398090975,-0.2611827186091029
-0.2401260868195565,-0.2378702495821673
-0.22816774922032512,-0.24778580546972173
-0.22923820249495963,-0.2622328421369714
-0.24334261494298137,-0.27375671994033735
-0.24255902690272169,-0.24812977349580223
-0.24177543886246222,-0.24014912315862091
-0.24099185082220254,-0.25520886473394744
-0.24020826278194318,-0.2734345393394356
-0.2394246747416835,-0.28239122077600276
-0.22465847384545112,-0.25829030506646455
-0.23052030994046124,-0.24119636194029848
-0.2275245420394405,-0.2515408340378187
-0.2388629298056325,-0.2649878506636738
-0.2378084736485635,-0.27119453392218595
-0.23498793571226062,-0.27412110893287467
-0.22980831515404487,-0.2756519981877721
-0.23731576242754537,-0.25653766992673355
-0.23717498779296875,-0.2553183332604555
-0.23158694851783013,-0.2646646831759173
-0.22980831515404487,-0.2714009451035836
-0.23336053663684475,-0.2776830113349269
-0.23498793571226062,-0.25068573453533116
-0.23830069265057963,-0.2526243598900031
-0.23052030994046124,-0.26163137255616453
-0.23321877756426412,-0.2709068184468284
-0.22430967515514744,-0.26975352728544777
-0.22246708408478766,-0.23991530688840956
-0.22062449301442788,-0.23201520170145362
-0.22408368510584675,-0.24524077609996886
-0.22235636557302163,-0.2589909947333644
-0.22408368510584675,-0.26561596618955996
-0.24110671012632312,-0.2494169016975668
-0.242784438594695,-0.23568945737620495
-0.24445761403729838,-0.2541890310410836
-0.23435161959740425,-0.2729975762058846
-0.24668182865265875,-0.27513987982451027
-0.2572777040543095,-0.2527878035360308
-0.24501431372857863,-0.25594470275575254
-0.25124469880134825,-0.277451168838425
-0.24903648130355338,-0.28393858344993783
-0.23830069265057963,-0.2936485632142024
-0.24068660120810237,-0.2816852171029618
-0.24054656490202875,-0.2598938443767491
-0.2533764992990801,-0.2737100326006685
-0.2494510527580015,-0.28627021751593595
-0.2522708523658014,-0.2872729704747745
-0.25509065197360126,-0.2875013968244714
-0.24341238698651713,-0.29331491954291045
-0.24557076731035787,-0.27518907233850276
-0.24005594561176913,-0.2554970356955457
-0.23717498779296875,-0.2646535996773943
-0.23668178435294862,-0.27429920405297725
-0.23661127398090975,-0.2744835241517024
-0.24903648130355338,-0.2523092393258318
-0.23604706794984875,-0.2379301460228156
-0.23717498779296875,-0.2503526981790267
-0.22987956385458674,-0.25614739413285137
-0.23321877756426412,-0.2636922959664568
-0.24348215903005288,-0.2375298495316387
-0.23215496924615675,-0.22114608536905322
-0.23392708070816537,-0.23219732028334883
-0.22580645161290325,-0.23928415478758547
-0.23208408970986638,-0.2411466380256918
-0.22587819253244712,-0.23738690276644125
-0.222428475656817,-0.2434340140119714
-0.24341238698651713,-0.22727563962414488
-0.2394246747416835,-0.2186162388739894
-0.24334261494298137,-0.23332191581156714
-0.23618821174867688,-0.24744897339474503
-0.24570969612367688,-0.23637473642529538
-0.24550111832157262,-0.22017658290578357
-0.24529254051946825,-0.22976031706700872
-0.24508396271736388,-0.23587476436178478
-0.2394246747416835,-0.2449999757074005
-0.24668182865265875,-0.24205874922263682
-0.247375242171749,-0.22102416688530002
-0.24834479055097025,-0.23042191083158425
-0.23562363655336438,-0.24168775567960976
-0.2275245420394405,-0.252387355216107
-0.23717498779296875,-0.24919310612465018
-0.23158694851783013,-0.22472248741643341
-0.22580645161290325,-0.22596816637029693
-0.22580645161290325,-0.23986808814812655
-0.20954685826455388,-0.25118995780375464
-0.20703334193075862,-0.24468743623192635
-0.20451982559696325,-0.21497834618411849
-0.20200630926316787,-0.20364486162935325
-0.20252646169354838,-0.21768461768306901
-0.2091055839292465,-0.22821766108422725
-0.20014473699754287,-0.23401736738669932
-0.22350852720199088,-0.23007612086054108
-0.22069672615297375,-0.20403635205321047
-0.2247303378197455,-0.20119419382579296
-0.20954685826455388,-0.21392700802627485
-0.21430698517830138,-0.22384210842758867
-0.21072166196761588,-0.2305357823917522
-0.21145506828062,-0.23627202427802396
-0.2171465966009325,-0.21315746402266011
-0.21306536274571575,-0.21774724704116133
-0.21780014038085938,-0.23573037522349194
-0.20007016581873738,-0.2469423967807447
-0.19954773687547256,-0.2460606513331779
-0.19902530793220763,-0.22219985278684706
-0.199323961811681,-0.21760156735851988
-0.19962261569115425,-0.23333360662507774
-0.20792770385742188,-0.2447123361464164
-0.20836971652123237,-0.25248156495355256
-0.20066648913968,-0.25738206550256526
-0.20133676836567538,-0.2547714461141558
-0.21079512565366687,-0.23379676021746731
-0.2171465966009325,-0.23281738888564985
-0.22235636557302163,-0.24947824051131062
-0.22695246050434725,-0.2583542249689055
-0.24117672827935988,-0.2611299581195584
-0.24397007111580138,-0.26709758701609143
-0.2534452869046119,-0.2573989184934702
-0.272844006938319,-0.24207932201784044
-0.2807137273973034,-0.25815327962239587
-0.2760967131583921,-0.2724695158241993
-0.2696412609469506,-0.2814621806737796
-0.26419891849640875,-0.2921548720022932
-0.26581647319178425,-0.2777755509561567
-0.2706439110540575,-0.25958631524992226
-0.27698477878365446,-0.27013879273068253
-0.27884373613583124,-0.28610449643870495
-0.28070269348800836,-0.2950609501321517
-0.2780797404627646,-0.29382005378381526
-0.27675696342222156,-0.271903953742032
-0.2754341863816784,-0.2682311404403762
-0.26850300450478826,-0.28583925161788715
-0.2786733565791961,-0.2916586197430815
-0.2696412609469506,-0.2916923257248911
-0.25932127429593,-0.29228043437597173
-0.2614938059160786,-0.2675681043027053
-0.24348215903005288,-0.25798140948091575
-0.238371079967868,-0.2648005699043843
-0.22923820249495963,-0.2685344183622901
-0.22120223506804437,-0.27312951538693253
-0.21729180120652725,-0.2587520922001322
-0.21671049056514613,-0.22813453484530477
-0.21072166196761588,-0.23239386259619865
-0.2132115517893145,-0.24315715429201645
-0.22177960795740925,-0.2429455809332245
-0.20726419264270413,-0.2470082904568952
-0.21013456775296124,-0.23295600853156095
-0.20836971652123237,-0.2084946513769046
-0.21481766239289313,-0.22033273877196047
-0.20726419264270413,-0.2304549335840329
-0.21013456775296124,-0.23076329776896765
-0.201857413015058,-0.2308797504178327
-0.20674760880008825,-0.23699214802452584
-0.19241948281565024,-0.21390856083352772
-0.19246072666619407,-0.20313243960859761
-0.1925019705167379,-0.23437765700307056
-0.19254321436728206,-0.22751575678735225
-0.19258445821782588,-0.21157844505499845
-0.197754398469002,-0.21295272295747825
-0.20014473699754287,-0.2271235072197606
-0.20137276188019781,-0.23589207283893032
-0.20260078676285287,-0.24458821614583337
-0.19947335027879287,-0.2508132706827192
-0.20423310802828876,-0.22352068697042138
-0.209031997188445,-0.22972175256529848
-0.21481766239289313,-0.24339613273962224
-0.21953964233398438,-0.25315150929920704
-0.22350852720199088,-0.25522017597559077
-0.231018312515751,-0.25920856532765857
-0.21780014038085938,-0.2652322949461676
-0.22380422776745212,-0.25533579356634795
-0.22980831515404487,-0.2424163818359375
-0.23900345833070813,-0.26489766438802087
-0.23548249275453625,-0.28058635654734143
-0.23664548320154988,-0.25526124565162467
-0.2378084736485635,-0.25473569044426303
-0.23668178435294862,-0.274065235954019
-0.23378556774508563,-0.2775224524350902
-0.22873884631741437,-0.27830140982101215
-0.23052030994046124,-0.28454369692067005
-0.22923820249495963,-0.28108192557719214
-0.22235636557302163,-0.2544800867488728
-0.22350852720199088,-0.26747609608208955
-0.21953964233398438,-0.28198295327561407
-0.21189461984942037,-0.28693575882793065
-0.21598311393491687,-0.28133380946828357
-0.22537625220514113,-0.256222169790695
-0.22408368510584675,-0.25738548164937036
-0.21481766239289313,-0.2698672470168688
-0.2247303378197455,-0.27922096062655477
-0.21364999586536038,-0.2846731309273943
-0.2171465966009325,-0.2631983970528218
-0.21540057274603075,-0.24080798400575254
-0.2275245420394405,-0.2577704434371113
-0.22580645161290325,-0.26662076883648167
-0.22695246050434725,-0.2650675607557914
-0.2113817276493195,-0.26941897264167447
-0.21671049056514613,-0.25874290656094523
-0.21540057274603075,-0.23411028657979638
-0.21364999586536038,-0.24164410491487875
-0.22235636557302163,-0.25831497723783425
-0.23604706794984875,-0.25824483235677087
-0.23645291618976128,-0.2600792272767024
-0.23685876442967346,-0.265411376953125
-0.23726461266958598,-0.2718591642616993
-0.23562363655336438,-0.2591142037614661
-0.23631049740699028,-0.23713987739525033
-0.23253343182225383,-0.24530750483422725
-0.22875636623751727,-0.2536340210568252
-0.22497930065278082,-0.25201567844371886
-0.22120223506804437,-0.24763306575034982
-0.2242274130544355,-0.22279297178657498
-0.20969378563665575,-0.20560588172419159
-0.220046135687059,-0.2165842388399798
-0.2054915889616935,-0.217414210684857
-0.20836971652123237,-0.21672779292016475
-0.20719035979240175,-0.21991786672108204
-0.21496335921748988,-0.1958783657396611
-0.2171465966009325,-0.18669667410020208
-0.2171465966009325,-0.20116542227825718
-0.21130851007276963,-0.2115757880519279
-0.20371418614541326,-0.22021400869189212
-0.2077804073210685,-0.22499790476329296
-0.20726419264270413,-0.2004488665073072
-0.21013456775296124,-0.20058574012262909
-0.20482561665196575,-0.2089467214707711
-0.2012623202416205,-0.21448103112367845
-0.19407715335969,-0.21656321055853545
-0.20541751000189012,-0.22140662349871731
-0.20615682294291837,-0.19175910000777363
-0.22062449301442788,-0.19041139213599967
-0.2200458280501827,-0.20520482608928015
-0.2194671630859375,-0.21671724082225596
-0.2102813720703125,-0.22399515180445428
-0.20792770385742188,-0.20359384717039797
-0.20719035979240175,-0.18726747427413715
-0.20260078676285287,-0.19552695810498288
-0.21306536274571575,-0.20574981537624382
-0.20844330326203375,-0.21052733464027518
-0.20489969561176913,-0.20400765642004814
-0.20726419264270413,-0.18185660139245186
-0.19767958118069562,-0.17958805217078666
-0.19767958118069562,-0.1934015833916356
-0.18498463784494712,-0.20290917543629505
-0.1837628272271925,-0.20780041443174746
-0.1826920047883065,-0.17856465050237091
-0.18295887208754014,-0.177355030875894
-0.1832257393867739,-0.1901302052967584
-0.18349260668600764,-0.20498862195370804
-0.18375947398524128,-0.21738065653179417
-0.18498463784494712,-0.1972127126817086
-0.18681064728767638,-0.18559029802161064
-0.18863665673040575,-0.20781263664587224
-0.19407715335969,-0.22097224145386352
-0.19226861769153225,-0.2319836213221005
-0.19588076683782762,-0.2320228690531716
-0.19947335027879287,-0.2094819178035603
-0.20304636801442788,-0.21319860961306747
-0.20895841044764363,-0.23017518911788715
-0.21104843385757943,-0.24128017140858204
-0.21313845726751512,-0.2515813723132385
-0.2132115517893145,-0.22680694428249382
-0.21189461984942037,-0.21696320339221864
-0.2177274150233115,-0.23481818811217348
-0.21145506828062,-0.24446887875077739
-0.20836971652123237,-0.2474870064958411
-0.20660006615423387,-0.2449841096033505
-0.20836971652123237,-0.22562556480293838
-0.21364999586536038,-0.22814523877196047
-0.20423310802828876,-0.24410190866954296
-0.20371418614541326,-0.25026759816639454
-0.19588076683782762,-0.2482088762729322
-0.195280259655368,-0.2545281405472637
-0.20193186113911288,-0.26028579028684706
-0.20836971652123237,-0.23798738546039333
-0.21306536274571575,-0.2345933297380286
-0.212553454983619,-0.24890577022115978
-0.2188878213205645,-0.2609811659476057
-0.21013456775296124,-0.2676949572207322
-0.2188878213205645,-0.25247928752234916
-0.22408368510584675,-0.22876295402868474
-0.2188878213205645,-0.24424963804026745
-0.2086203175206338,-0.25380649851329296
-0.19835281372070312,-0.2526299016392646
-0.2060091572423135,-0.24639900169562345
-0.21605596234721525,-0.22073705872493
-0.2024522596789945,-0.21489392940084728
-0.21196783742597025,-0.23203949430095616
-0.21079512565366687,-0.2338891480099502
-0.18924331665039062,-0.23111182065745495
-0.1960308936334425,-0.22514836705146146
-0.2091055839292465,-0.19916530628109452
-0.18138934719947075,-0.20081315428067992
-0.19113577565839213,-0.20246100228026542
-0.183151122062437,-0.2041088502798507
-0.1862042334771925,-0.22156870068602297
-0.1866973876953124,-0.24158048866993154
-0.18719054191343232,-0.26129856394298046
-0.18768369613155256,-0.23367939659612091
-0.18817685034967246,-0.20740975906599812
-0.18867000456779237,-0.2132430195215329
-0.18916315878591228,-0.2327233309769512
-0.18965631300403218,-0.2500055417492615
-0.1901494672221523,-0.23793303076900651
-0.19064262144027222,-0.2169398976795709
-0.20185399209299382,-0.23435419946167602
-0.21306536274571575,-0.2603788613086909
-0.22702395531439012,-0.2771286845800296
-0.24903648130355338,-0.2581868337754586
-0.2527583952872984,-0.2418740495520445
-0.2544054831227949,-0.26268369760086285
-0.2636589542511971,-0.27876243781094523
-0.2707107297835811,-0.28097784697119865
-0.25666341473979337,-0.2788416924168221
-0.2668924639301915,-0.27075772261738185
-0.2631859317902596,-0.25451538693252485
-0.2674297209708921,-0.2655474155103389
-0.27384161180065525,-0.2687821269628421
-0.2674297209708921,-0.2775791604720538
-0.27330976916897687,-0.27310074383939675
-0.27920052313035537,-0.2539732823917522
-0.28018791444839974,-0.26637374346529075
-0.2807295399327432,-0.28346404270153136
-0.28127116541708674,-0.28327592688413405
-0.2818127909014302,-0.28947198213036385
-0.28235441638577374,-0.2909550453299907
-0.28519224351452244,-0.27303712759444965
-0.28803007064327113,-0.2664952064628032
-0.2859485995384955,-0.2809563632035137
-0.2807795616888231,-0.2915901449782339
-0.2706439110540575,-0.29953336952930654
-0.2770228232106855,-0.28132166316853235
-0.27384161180065525,-0.2601688821517413
-0.2807137273973034,-0.2672078146863339
-0.27131148307554187,-0.28476627786361164
-0.2621035422048261,-0.29513230964319026
-0.27237799859816025,-0.2886830040471471
-0.26217122231760337,-0.2633629794144512
-0.2706439110540575,-0.2693372887758473
-0.2706439110540575,-0.2857794310916123
-0.2533078347482989,-0.29934813845810015
-0.2567317101263231,-0.2904424714804882
-0.2561168055380544,-0.2632998186557447
-0.2550221104775706,-0.26888984945876093
-0.2538570280997984,-0.2813316838658271
-0.24341238698651713,-0.2940458231304416
-0.24054656490202875,-0.28731221820584574
-0.24005594561176913,-0.25000706003673046
-0.22408368510584675,-0.2427087280880752
-0.21189461984942037,-0.24899557692494556
-0.21072166196761588,-0.25279243431281095
-0.21145506828062,-0.255903025764731
-0.21598311393491687,-0.22564105133512125
-0.20792770385742188,-0.2034174980808846
-0.2171465966009325,-0.21772029743858834
-0.21481766239289313,-0.24096482310129042
-0.21430698517830138,-0.23101427068757774
-0.222932630969632,-0.20437075486823697
-0.227095450124433,-0.2112249877322373
-0.2188878213205645,-0.2234589685848103
-0.21306536274571575,-0.2296847063510572
-0.20371418614541326,-0.2371105744471005
-0.21013456775296124,-0.2182935268724736
-0.21189461984942037,-0.20132666440745495
-0.21364999586536038,-0.21171296532474349
-0.220046135687059,-0.22344112870705068
-0.21430698517830138,-0.23194148884483834
-0.2275245420394405,-0.23369731238825409
-0.22062449301442788,-0.2141605206389925
-0.22408368510584675,-0.2182948174168221
-0.22695246050434725,-0.23082258689462842
-0.21780014038085938,-0.23881948290772703
-0.2194671630859375,-0.24853788916744401
-0.20969378563665575,-0.23185433914412312
-0.20660006615423387,-0.20757282314015857
-0.19708055065524188,-0.21271974174537467
-0.20133676836567538,-0.22558229361007465
-0.19710442327683975,-0.23688305906988494
-0.19795327252506667,-0.23308240596334728
-0.19880212177329348,-0.20818044178521455
-0.1996509710215204,-0.20413443342370186
-0.20049982026974722,-0.2186702899078825
-0.20134866951797414,-0.2232335028956779
-0.20219751876620096,-0.23335881019706162
-0.20304636801442788,-0.21600478442747206
-0.20482561665196575,-0.21176329655433768
-0.21364999586536038,-0.2075218086812034
-0.21306536274571575,-0.2186853968681981
-0.22358039117628525,-0.22602107868858834
-0.231657951108871,-0.23709394919931592
-0.23107466133691923,-0.23827737836695428
-0.23049137156496768,-0.22005352570642878
-0.22990808179301603,-0.2279875646183147
-0.22932479202106426,-0.24403176378847946
-0.22874150224911272,-0.251792869757657
-0.22815821247716106,-0.27077328506393816
-0.2275749227052093,-0.26958507329077275
-0.22699163293325786,-0.24997593514361782
-0.2264083431613061,-0.25987835784456625
-0.22582505338935432,-0.2561036105179668
-0.2252417636174029,-0.2523288631913674
-0.22465847384545112,-0.24855411586476794
-0.22365237820533013,-0.2447793685381685
-0.22062449301442788,-0.2352130946828358
-0.21189461984942037,-0.24386034913324006
-0.21189461984942037,-0.25751453608422725
-0.21013456775296124,-0.2570026454640858
-0.20482561665196575,-0.23255556021163715
-0.19588076683782762,-0.22435286033212842
-0.20482561665196575,-0.23763051199082708
-0.19887591946509575,-0.24021828115282962
-0.19595595329038562,-0.24579062390683304
-0.197754398469002,-0.22655126467273012
-0.19835281372070312,-0.21764434510795627
-0.19648090485603575,-0.20873742554318253
-0.2073380254930065,-0.2244311280511505
-0.20193186113911288,-0.2335289343079524
-0.21013456775296124,-0.24537468905472637
-0.20482561665196575,-0.21929286368450718
-0.21013456775296124,-0.21122734107781405
-0.21656516290480088,-0.22825318901099967
-0.21079512565366687,-0.24291157129392105
-0.21656516290480088,-0.24975312645755599
-0.21079512565366687,-0.2590031410331157
-0.21189461984942037,-0.2511649060605178
-0.20541751000189012,-0.23226776882190614
-0.20969378563665575,-0.24319435233500464
-0.20660006615423387,-0.25576888506685325
-0.20660006615423387,-0.2634483071702036
-0.2194671630859375,-0.26230579584985225
-0.21496335921748988,-0.2403437676121346
-0.2060091572423135,-0.22926550718089245
-0.20726419264270413,-0.24200689970557365
-0.19588076683782762,-0.25598136939812655
-0.19226861769153225,-0.2578270755597015
-0.18498463784494712,-0.23145867342972637
-0.1782369306010585,-0.21536315614311252
-0.17406229819020913,-0.22561038192824934
-0.17095319686397425,-0.2373399117692786
-0.16775252229423943,-0.24228429082614278
-0.16455184772450426,-0.23547044440881526
-0.16135117315476943,-0.20953543743683922
-0.16767304943453876,-0.20947516142432365
-0.17398477369739163,-0.22394428917424591
-0.17646211193453876,-0.23383327503109452
-0.17390724920457412,-0.23993739797108204
-0.17390724920457412,-0.24412703632715327
-0.16767304943453876,-0.21612935991429572
-0.17769733552009825,-0.21403548966592822
-0.16649763045772425,-0.21989433326531405
-0.16335333547284525,-0.23136719660972482
-0.17514714887065275,-0.2372399325394512
-0.16335333547284525,-0.23384701553268816
-0.17638471049647175,-0.21203522184001866
-0.16782957507718,-0.20988768012962533
-0.172042969734438,-0.22582142388642723
-0.17762018019153225,-0.23455544846567944
-0.17762018019153225,-0.24424811975279848
-0.17946895476310487,-0.22373878896532962
-0.17079728649508563,-0.20072086770736164
-0.16720310334236388,-0.21543724857159519
-0.16272267987651212,-0.23127738990593905
-0.16234810121597787,-0.24097211088114112
-0.1619735225554435,-0.21682929043746113
-0.16159894389490925,-0.19474177574043838
-0.16516310168850812,-0.20086890073557995
-0.18207931518554688,-0.2188533953766325
-0.183839367282006,-0.22049314584305035
-0.18437416322769662,-0.22434109360424437
-0.19027670583417344,-0.22680125070448542
-0.19617924844065016,-0.20824656320448542
-0.2020817910471271,-0.21979200068990978
-0.2079843336536037,-0.23758465970926612
-0.21388687626008063,-0.25471534539217977
-0.21613367142215856,-0.2384143278966495
-0.21467261160573647,-0.23457913375019435
-0.2132115517893145,-0.2457450752827659
-0.207975818264869,-0.27217610677083337
-0.20274008474042338,-0.2640175890566697
-0.19750435121597787,-0.23960959970654538
-0.19226861769153225,-0.24003897140275188
-0.2012623202416205,-0.24954496924556901
-0.2012623202416205,-0.26444346869169777
-0.20660006615423387,-0.26347787581866056
-0.21364999586536038,-0.26251228294562345
-0.2060091572423135,-0.24075765277615824
-0.209031997188445,-0.24870687456273322
-0.19767958118069562,-0.2695075647154851
-0.20482561665196575,-0.26724592370180345
-0.2142340137112525,-0.23317236449587997
-0.21496335921748988,-0.22849603909165117
-0.21189461984942037,-0.22917539681961285
-0.2024522596789945,-0.2379174683224502
-0.209031997188445,-0.2527414198538557
-0.20895841044764363,-0.25722158251710203
-0.22365237820533013,-0.2345548411506918
-0.2236947749616912,-0.22359561445701182
-0.2237371717180524,-0.23694956006102297
-0.22377956847441371,-0.24231116451434231
-0.2238219652307749,-0.24881156048371422
-0.22111384659868238,-0.25884918668376866
-0.21840572796658986,-0.26505647725726833
-0.21569760933449733,-0.24560311540442314
-0.21298949070240503,-0.23692670983461595
-0.2102813720703125,-0.2577671791190532
-0.2102813720703125,-0.25539940981129505
-0.20260078676285287,-0.2249226736192086
-0.186813231437437,-0.21170195774059386
-0.19226861769153225,-0.22167923201375928
-0.183151122062437,-0.23425217054376557
-0.1782369306010585,-0.24714463267160292
-0.1826920047883065,-0.23151955675722946
-0.183151122062437,-0.2053001745423274
-0.17514714887065275,-0.2042703960665423
-0.16837729177167338,-0.21727505963833182
-0.16335333547284525,-0.2246082362843983
-0.164534168858682,-0.22559846337161849
-0.16201253091135337,-0.19826405083955223
-0.15829172442036288,-0.1764196898806748
-0.1564634999921245,-0.18585015292191387
-0.15165390506867438,-0.19551481180523167
-0.14684431014522425,-0.20448333588405632
-0.14409415952620963,-0.17129638064560015
-0.151991444249307,-0.17209128004994556
-0.15702044579290575,-0.17288617945429108
-0.1595606650075605,-0.18531283098666818
-0.15439088882938512,-0.20040172368139775
-0.16398325274067538,-0.2089762521620414
-0.16027339812247987,-0.1806923026469216
-0.15821247716103826,-0.17124217778296025
-0.15892656387821325,-0.18587588789451182
-0.14998552876134075,-0.19817257401955068
-0.14538980299426663,-0.2176793036769279
-0.14279617801789313,-0.18941030929337688
-0.14676358622889363,-0.17065110847131526
-0.151991444249307,-0.1821347516567553
-0.14740925450478826,-0.19774957913071367
-0.15892656387821325,-0.21086583683146765
-0.15447062830771174,-0.22028673466165272
-0.164062007780998,-0.20131808608325563
-0.157576899374685,-0.1793379902246579
-0.16532024260490175,-0.19571499800800685
-0.17025166173135076,-0.2141394164431748
-0.16272267987651212,-0.22989385044989896
-0.17025166173135076,-0.21881133881374382
-0.16962740498204387,-0.19930643110132928
-0.17219851093907512,-0.20456000940123598
-0.17344161002866687,-0.21907696320642878
-0.17514714887065275,-0.23056075822061572
-0.16712471746629287,-0.2277668056203358
-0.172042969734438,-0.2044135705748601
-0.17328643798828125,-0.19781144934507155
-0.17398477369739163,-0.21430703537974194
-0.17646211193453876,-0.22284482130363803
-0.18131256103515625,-0.23371264709169004
-0.17946895476310487,-0.22261624312519435
-0.1862042334771925,-0.20076580901644125
-0.1929473876953125,-0.2085217528082245
-0.195280259655368,-0.22364716031658116
-0.19535519999842488,-0.23028086192572295
-0.1961990743188814,-0.23931345773573542
-0.19704294863933802,-0.2428226755626166
-0.19788682295979454,-0.22570535080942944
-0.19873069728025083,-0.2167290075501399
-0.19957457160070735,-0.23100667925023322
-0.20041844592116387,-0.24205867330826336
-0.2012623202416205,-0.24735628194476833
-0.2012623202416205,-0.24987375439696047
-0.2015970906903667,-0.22788166406735855
-0.20193186113911288,-0.2254075387224036
-0.20066648913968,-0.24010911628381526
-0.1868892792732485,-0.2517286461977223
-0.17336396248109875,-0.25432598057077893
-0.17219851093907512,-0.23269008048138218
-0.1728204296481225,-0.21528716585529384
-0.16145964591733875,-0.22407827804337688
-0.17266488844348538,-0.24020879185614896
-0.15391171363092238,-0.24808103646805035
-0.15829172442036288,-0.22904338172419159
-0.15582644554876512,-0.2075159632744481
-0.146117425733997,-0.21951058610754814
-0.141495612359816,-0.23147036424323697
-0.145780747936618,-0.24050425059759795
-0.15006588351341987,-0.22087841128828511
-0.14934232158045613,-0.20177744395697295
-0.14998552876134075,-0.21067718961345616
-0.15118974254977313,-0.23170205491099194
-0.15247209610477575,-0.24591831188296798
-0.14352663101688512,-0.24867559784087379
-0.14547064996534775,-0.2230437169620647
-0.15510903635332662,-0.21918073815492845
-0.14740925450478826,-0.2329296662439755
-0.14934232158045613,-0.24641972631957398
-0.15319221250472526,-0.25144753527285446
-0.15765639274351062,-0.2502485436586598
-0.15948141774823588,-0.22557401894336904
-0.16782957507718,-0.22040212450928953
-0.16390462075510337,-0.23623960884056283
-0.16398325274067538,-0.24645031981207244
-0.15773588611233624,-0.2549830953873212
-0.16837729177167338,-0.23707102305853545
-0.17274265904580388,-0.21194647793746113
-0.1741837737380817,-0.22463336394200872
-0.17562488843035962,-0.24210232407299437
-0.17706600312263732,-0.25204050244383547
-0.17850711781491513,-0.22915922705806901
-0.17994823250719305,-0.21746439008570428
-0.18138934719947075,-0.23353887909087379
-0.18318699252220894,-0.2544576920087065
-0.18498463784494712,-0.24121959173857277
-0.18498463784494712,-0.21972823261621577
-0.18253892467867938,-0.22491834649992226
-0.18749753890498988,-0.2358078837987796
-0.18131256103515625,-0.24329736813976988
-0.17328643798828125,-0.24724347318582862
-0.16145964591733875,-0.22229975610230102
-0.1620902741681718,-0.21314979667094214
-0.16272090241900483,-0.2513694193825793
-0.16335153066983799,-0.24195611298973885
-0.16769725020213788,-0.22601477779559231
-0.172042969734438,-0.22495956800470307
-0.17017364501953125,-0.22715554308535446
-0.18437416322769662,-0.23175785197547416
-0.17522455030871975,-0.23318549768248598
-0.1728204296481225,-0.2427226963327892
-0.180160891625189,-0.2224651735220382
-0.17946895476310487,-0.2114137867789957
-0.16954938827022425,-0.2154050608772543
-0.16900265601373488,-0.22101141327056129
-0.16829902895035287,-0.2304463552598336
-0.17328643798828125,-0.20100562252215481
-0.18200265207598287,-0.19370098968050375
-0.17328643798828125,-0.20918198011407807
-0.18931924143145162,-0.22802286480196676
-0.18253892467867938,-0.20456334963366762
-0.178313962874874,-0.2171492695215329
-0.18924331665039062,-0.23553573076997825
-0.18939504315776212,-0.21610104385300066
-0.18749753890498988,-0.21656715810595462
-0.19407715335969,-0.23967944093011506
-0.19347492341072325,-0.24808331389925375
-0.19954804451234875,-0.249125390503537
-0.20133676836567538,-0.2320579414937034
-0.19835281372070312,-0.24076319452541972
-0.20954685826455388,-0.2564262276265159
-0.19595595329038562,-0.26084823987970307
-0.19234417330834175,-0.2635754637457245
-0.19715536794354838,-0.24138280764148012
-0.20969378563665575,-0.2270791732256685
-0.20660006615423387,-0.24116789405025651
-0.19226861769153225,-0.24967895811469998
-0.19501150808026713,-0.25705259712181283
-0.197754398469002,-0.23370467608247825
-0.1929473876953125,-0.2164800084052394
-0.19467889108965475,-0.23434569705185015
-0.1942276493195565,-0.24742878017140857
-0.20319477204353575,-0.25321793437597173
-0.1942276493195565,-0.25868528755150033
-0.1863565752583165,-0.2390826780404618
-0.19767958118069562,-0.22883537634095152
-0.183151122062437,-0.23415105259833646
-0.19588076683782762,-0.24624246625757928
-0.183151122062437,-0.2502171910224269
-0.18742149106917838,-0.25253349038498907
-0.183915784282069,-0.2244144268889925
-0.17398477369739163,-0.21569178946575718
-0.172120863391507,-0.2308854439958411
-0.16398325274067538,-0.24382368249086595
-0.15963991226688512,-0.24613618613475596
-0.1557467060704385,-0.21252509729186098
-0.14861814437373988,-0.20277655302588615
-0.15447062830771174,-0.21759921401294313
-0.14684431014522425,-0.22497551002312655
-0.1422117910077495,-0.23556495780375464
-0.14200017785513286,-0.2130055593613961
-0.14178856470251588,-0.21040598551432288
-0.14157695154989924,-0.20780641166724967
-0.13929157872353826,-0.228142429940143
-0.13700620589717738,-0.23715255509561572
-0.14555149693642888,-0.21442561363106338
-0.15582644554876512,-0.21323869240224658
-0.1608272675544985,-0.2282833270172575
-0.15892656387821325,-0.23970122835529384
-0.1608272675544985,-0.254409182724075
-0.15255208169260337,-0.24888618431281095
-0.15030313307239163,-0.22707454244888836
-0.14805418445218,-0.22835726761699315
-0.1466829853673135,-0.2530607157085666
-0.14740925450478826,-0.2526995151197139
-0.14805418445218,-0.2277926165073072
-0.14154612633489794,-0.22828051818544004
-0.13503806821761588,-0.2498311664334577
-0.13173737064484625,-0.21835949646299746
-0.12843667307207662,-0.20805518306902981
-0.13100224156533513,-0.22234948001690769
-0.10276523713142638,-0.24379718837453357
-0.11782640026461688,-0.25484083185148476
-0.10491217336347025,-0.20885828122570738
-0.08667275213426162,-0.22553135506549282
-0.07668156777658774,-0.2313703090990361
-0.06669038341891376,-0.2081602485618781
-0.0646068203833795,-0.2058471592928216
-0.064697511734501,-0.2035340700237651
-0.06813603062783513,-0.2012209807547085
-0.06033066780336438,-0.19890789148565213
-0.053546782462827625,-0.19659480221659564
-0.054068124422463004,-0.19428171294753915
-0.054589466382098495,-0.19196862367848255
-0.055110808341733875,-0.1761426024175995
-0.07027539899272306,-0.17618932771445506
-0.07219589397471449,-0.17623605301131062
-0.07411638895670569,-0.21857053842117535
-0.07603688393869712,-0.22619294883006846
-0.075318859469506,-0.21810852354438748
-0.074600835000315,-0.22807193079200339
-0.0660567745085685,-0.22838659586993404
-0.06233547579857612,-0.22870126094786491
-0.05766474816106981,-0.2193671838561101
-0.0529940205235635,-0.20756842010649879
-0.06242641325919862,-0.19576965635688748
-0.05881457174977944,-0.18397089260727617
-0.055202730240360376,-0.1807333723229555
-0.056665678947202536,-0.19796115248950563
-0.05812862765404481,-0.1730219902683846
-0.05959157636088719,-0.18161329582555974
-0.06340078538463978,-0.20494109955593132
-0.06720999440839204,-0.19797899236726524
-0.07101920343214463,-0.19583664235652243
-0.08323337185767388,-0.19369429234577984
-0.08667275213426162,-0.19155194233503714
-0.11765806136592738,-0.18940959232429433
-0.141495612359816,-0.18726724231355152
-0.17266488844348538,-0.18512489230280893
-0.1930228202573715,-0.19838100958424032
-0.22127446820659025,-0.2116371268656716
-0.23435161959740425,-0.22505962314890393
-0.23435161959740425,-0.23743556387981968
-0.25055546914377524,-0.2564961447644589
-0.2500724792480469,-0.27168782552083337
-0.2500724792480469,-0.2725855889011971
-0.2500724792480469,-0.25292080551830687
-0.2504513853339738,-0.26799944977262125
-0.250830291419901,-0.28324168950171025
-0.2512091975058278,-0.28814264553696367
-0.25158810359175476,-0.2980476493266091
-0.25196700967768193,-0.2996214302025031
-0.2523459157636089,-0.2714684329815765
-0.2509472447056924,-0.26860995316386815
-0.24954857364777594,-0.2777430596043221
-0.24814990258985947,-0.2851731029909048
-0.246751231531943,-0.2851324128867382
-0.2500034455330141,-0.256127049080768
-0.23562363655336438,-0.24680400487795395
-0.2171465966009325,-0.26719642753031714
-0.2194671630859375,-0.2799437413761272
-0.19663090859690024,-0.2448590786302861
-0.20312057002898187,-0.23713448747473564
-0.189925286077684,-0.25824050523748443
-0.2091055839292465,-0.27481420716243
-0.19234417330834175,-0.28445472527499227
-0.19113577565839213,-0.27766699340212997
-0.19045515983335437,-0.25253986719235855
-0.19588076683782762,-0.25734797994888836
-0.191664788030809,-0.27051176004741917
-0.19595595329038562,-0.2764373323810634
-0.17769733552009825,-0.27498015598278136
-0.174604969639932,-0.2693947559565454
-0.18559474329794612,-0.23639659976484761
-0.17653939031785537,-0.23524885035272858
-0.1749129141530683,-0.2388586547244248
-0.17328643798828125,-0.24529467530511506
-0.1720418622416835,-0.24628847036788715
-0.17079728649508563,-0.22650814530861318
-0.180237800844254,-0.20973812881393816
-0.18567091418850812,-0.21623935984141796
-0.17762018019153225,-0.235846827872357
-0.186813231437437,-0.22758984921583492
-0.18843363561937887,-0.20088431135338936
-0.19005403980132074,-0.20556845593808304
-0.1916744439832626,-0.22138331778606968
-0.19329484816520448,-0.2267796910224269
-0.19103640894736018,-0.230770509634445
-0.18877796972951577,-0.24366509736473885
-0.18651953051167147,-0.23832634313782652
-0.18426109129382717,-0.21864326439093595
-0.18200265207598287,-0.21949631420534044
-0.17885318879158263,-0.23274633303210512
-0.17769733552009825,-0.240099171500894
-0.1595606650075605,-0.24234638878362091
-0.15694095242408013,-0.22783664684390548
-0.14797358359059976,-0.19619834482373288
-0.14490422894877775,-0.1913509084217584
-0.14861814437373988,-0.19738435508006846
-0.13766110327935988,-0.20880392653432056
-0.13700620589717738,-0.21362312278937345
-0.13970331991872476,-0.18303980281696985
-0.13446303336851062,-0.16247080333197295
-0.140274170906313,-0.17299868455573697
-0.139540272374307,-0.1899704814550296
-0.138887220813382,-0.20368266698732895
-0.14092586886498237,-0.18854207660428324
-0.15582644554876512,-0.16409613006743629
-0.13831526233303937,-0.16352495032163405
-0.14538980299426663,-0.18350857407299437
-0.139540272374307,-0.1965380616449005
-0.13692437448809225,-0.2007551810041589
-0.13306427001953125,-0.17562775113689366
-0.13970331991872476,-0.16244127264070274
-0.14230875815114663,-0.17657121497007155
-0.14482313586819562,-0.1978433333819185
-0.1383970937421245,-0.20607381792210822
-0.1317452461488785,-0.1803434761009406
-0.14417525260679187,-0.1692012957672575
-0.14344541488155238,-0.18546139541550066
-0.141495612359816,-0.1791638426519745
-0.14732853058845763,-0.16624982084207862
-0.14538980299426663,-0.19538089885047416
-0.139540272374307,-0.19824988015650913
-0.13429850916708674,-0.20111886146254399
-0.12851961197391637,-0.20398784276857895
-0.123778066327495,-0.2128633717399332
-0.12043122322328625,-0.19524956698441387
-0.11765806136592738,-0.17417634423099349
-0.11224808231476813,-0.18921285600804572
-0.1151273173670615,-0.16415230670378578
-0.10747995684223788,-0.14804616140488958
-0.10611158801663312,-0.16678904063666045
-0.10593489018453428,-0.19512916678812964
-0.10575819235243566,-0.169551412857587
-0.10558149452033683,-0.15898101958469368
-0.10540479668823799,-0.1611185405977923
-0.10522809885613915,-0.16499746142335203
-0.10505140102404065,-0.1662339547380286
-0.10487470319194181,-0.18080207483092348
-0.10983645531439012,-0.19234235013895362
-0.11479820743683844,-0.162200927734375
-0.11975995955928675,-0.16941727215970925
-0.13831526233303937,-0.19097877616312964
-0.138887220813382,-0.21287012811916972
-0.15398400829684344,-0.2200939121531017
-0.1589648185237762,-0.19926429862406714
-0.16394562875070884,-0.19970824587997515
-0.16892643897764148,-0.21475288049498598
-0.16829974420609017,-0.20919461985725674
-0.16767304943453876,-0.20363635921952739
-0.16962740498204387,-0.19807809858179803
-0.164062007780998,-0.19251983794406868
-0.14538980299426663,-0.19129032875174912
-0.1471279718542613,-0.20717275439210203
-0.14886614071425575,-0.21328128036574934
-0.15258526545698914,-0.1768621947634873
-0.15630439019972275,-0.18000755499844523
-0.15829172442036288,-0.19322341235715956
-0.15518877583165325,-0.20570092651974503
-0.16280155797158513,-0.18905912940181901
-0.17157610001102575,-0.1831335570681748
-0.17328643798828125,-0.17720798473453048
-0.18567091418850812,-0.19509371477573068
-0.18192598896641887,-0.20695761305775806
-0.19241948281565024,-0.18895922608636506
-0.19663090859690024,-0.19121077048837842
-0.19802793892480985,-0.21310660139245186
-0.1994249692527198,-0.22899031757715327
-0.2008219995806294,-0.21679581219877175
-0.1984872048900973,-0.20696201609141796
-0.1961524101995653,-0.22489390207167292
-0.1938176155090332,-0.22315197085859761
-0.1914828208185011,-0.22141003964552242
-0.1891480261279691,-0.19500777970499072
-0.186813231437437,-0.20321146647135413
-0.1862042334771925,-0.21025191729341575
-0.18445033411825862,-0.21080237241526745
-0.190000964749244,-0.1994124075666589
-0.186813231437437,-0.16970832786749845
-0.186813231437437,-0.17460586775594678
-0.18498463784494712,-0.18418337693854947
-0.18131256103515625,-0.18647234712667138
-0.183151122062437,-0.19687838578105565
-0.183151122062437,-0.18513534318155322
-0.18742149106917838,-0.16441322440531714
-0.18757358674080138,-0.17486321748192635
-0.1929473876953125,-0.18934054398418065
-0.19407715335969,-0.19524455663576645
-0.192872078188004,-0.20099415945176458
-0.19482938704952113,-0.20256535923896146
-0.19475420059696325,-0.1747387938238495
-0.18924331665039062,-0.16511869667774404
-0.18939504315776212,-0.179700633186606
-0.20014473699754287,-0.19105453870782807
-0.18437416322769662,-0.1936855031483209
-0.19715536794354838,-0.2015758912954757
-0.19060639412172375,-0.17294106554629196
-0.1930228202573715,-0.17092288192824934
-0.191740220592868,-0.18610241638487246
-0.19181577620967738,-0.19509212057388836
-0.189849607406124,-0.19772589384619865
-0.18931924143145162,-0.20568483267257465
-0.18742149106917838,-0.177180807388837
-0.183915784282069,-0.16055927940862091
-0.177079846782069,-0.17532037383881371
-0.18015375444965975,-0.18680674994169777
-0.1832276621172505,-0.19163907938335667
-0.177079846782069,-0.19555960128556438
-0.18939504315776212,-0.19837503765352926
-0.18567091418850812,-0.1719652621900264
-0.19407715335969,-0.17318406745569026
-0.191664788030809,-0.19625178854263836
-0.20133676836567538,-0.2167525410059079
-0.20133676836567538,-0.22518245260513836
-0.20312057002898187,-0.23717699952386506
-0.2035653514246787,-0.22363159787002485
-0.2025610246965962,-0.21812127715912621
-0.20155669796851372,-0.23426621470285292
-0.20055237124043124,-0.24512591765294622
-0.19954804451234875,-0.2423399360618781
-0.18567091418850812,-0.24277644370918838
-0.19045515983335437,-0.22451850549498598
-0.1837628272271925,-0.20832407177977297
-0.18513722573557212,-0.2151068692183613
-0.1826920047883065,-0.2211162510202892
-0.1770028145082535,-0.21979845341165272
-0.183839367282006,-0.21615418391441232
-0.1757662373204385,-0.19230834049965018
-0.17885318879158263,-0.20418620702639145
-0.18200265207598287,-0.21249981780550375
-0.19045515983335437,-0.22313519378206625
-0.17946895476310487,-0.22400965144978235
-0.18131256103515625,-0.19967833561683768
-0.17514714887065275,-0.18674199498114896
-0.172120863391507,-0.20144387620005444
-0.172120863391507,-0.21251826499825088
-0.16712471746629287,-0.21573528840174128
-0.16516310168850812,-0.21593342491643341
-0.16469143282982612,-0.19021925285680974
-0.16657601633379537,-0.1757635619509873
-0.16090626870432212,-0.18723809541161385
-0.1601558500720609,-0.19880137277479792
-0.15940543143979968,-0.20783632193038715
-0.15865501280753846,-0.19456216233286694
-0.15790459417527725,-0.166883250374106
-0.16125869750976562,-0.17091058379975121
-0.164612800844254,-0.19007053659923046
-0.16335333547284525,-0.19590933880402672
-0.16201253091135337,-0.20660392799187655
-0.17336396248109875,-0.1991637120792522
-0.18085209015877013,-0.1794201295767257
-0.18004411266696063,-0.19341274280453202
-0.17923613517515125,-0.20938930226795704
-0.17842815768334175,-0.21485589629975121
-0.17762018019153225,-0.22275827891791045
-0.17826197224278606,-0.21922765323771765
-0.17890376429403987,-0.20037553322255908
-0.17954555634529357,-0.20510545417444026
-0.17900713028446325,-0.21933028947061572
-0.17266488844348538,-0.22988018586267878
-0.16027339812247987,-0.2080115323042988
-0.15694095242408013,-0.18720317479982895
-0.15659051710559468,-0.1981731813345382
-0.15624008178710946,-0.2126935512865361
-0.1558896464686239,-0.21787364447294777
-0.1555392111501387,-0.22310566309079605
-0.15518877583165325,-0.19473289375874536
-0.16280155797158513,-0.18333374327094998
-0.16217041015625,-0.19504892529539797
-0.16011514971333163,-0.21315723627953975
-0.16962740498204387,-0.22541687619033735
-0.17344161002866687,-0.19778032445195892
-0.17142055880638862,-0.1978912353515625
-0.17398477369739163,-0.21901721859452739
-0.1731879018968151,-0.23912086297030477
-0.17239103009623868,-0.2521435182486007
-0.17159415829566216,-0.23859394130422107
-0.17079728649508563,-0.2134000104458178
-0.16657601633379537,-0.22108269686722637
-0.1564634999921245,-0.23575003704621422
-0.157576899374685,-0.24705892534398322
-0.14877909998739924,-0.2544307424061334
-0.1492618437736265,-0.23497548269395208
-0.14279617801789313,-0.21172291010766475
-0.13962185767389113,-0.23057950907085667
-0.14352663101688512,-0.24800428703649724
-0.14352663101688512,-0.2582016370782805
-0.14547064996534775,-0.25101345688549437
-0.15191133560672887,-0.22834170517043684
-0.15247209610477575,-0.2300322423526897
-0.14934232158045613,-0.24553752538576645
-0.1557467060704385,-0.2505926635134873
-0.14279617801789313,-0.25490725692824934
-0.146117425733997,-0.24648797334130135
-0.14084440662014874,-0.2142285399175995
-0.13766110327935988,-0.22286903798876712
-0.14157695154989924,-0.23848280266149724
-0.13042376118321575,-0.2403257759056281
-0.1306165879772555,-0.23794122952133867
-0.13080941477129537,-0.24633014735890857
-0.13100224156533513,-0.22158889390935943
-0.12644392444241437,-0.20188364816542292
-0.138887220813382,-0.2218381207973803
-0.13372285904422887,-0.2271024030239428
-0.140274170906313,-0.2297741334829757
-0.138887220813382,-0.23137068867090327
-0.13240506572108113,-0.23664802816969843
-0.132981946391444,-0.21163401437636042
-0.13766110327935988,-0.20359612460160137
-0.14157695154989924,-0.22103646501379814
-0.148698499125819,-0.2283945415743548
-0.1564634999921245,-0.23833681932136197
-0.15948141774823588,-0.2441396381131452
-0.17592091714182212,-0.22366036941756062
-0.1684554315382435,-0.21524624800800685
-0.18085209015877013,-0.23292275803599194
-0.17885318879158263,-0.25071678351407023
-0.18138934719947075,-0.2593617605332711
-0.19234417330834175,-0.26664870532590956
-0.18931924143145162,-0.2472157644395211
-0.1862042334771925,-0.24584042373581316
-0.1868892792732485,-0.2624347743703358
-0.18200265207598287,-0.27339665806708646
-0.1767116054411857,-0.2800414431747512
-0.17142055880638862,-0.25709655154403765
-0.17274265904580388,-0.23297483529617535
-0.17885318879158263,-0.24134515411225121
-0.18506105484501012,-0.2592492554318252
-0.191740220592868,-0.26178942628167756
-0.17900713028446325,-0.25647177625058304
-0.17946895476310487,-0.2585811330311334
-0.183151122062437,-0.23536628988844843
-0.1862042334771925,-0.2270869924061334
-0.18749753890498988,-0.2415724417463464
-0.192872078188004,-0.2479109882715329
-0.190000964749244,-0.25083133830359916
-0.189849607406124,-0.2547347794717817
-0.20193186113911288,-0.23604344609958028
-0.2077804073210685,-0.231998045053055
-0.20133676836567538,-0.24255097802005599
-0.19234417330834175,-0.25550424756102297
-0.1862804043677545,-0.25824680613048046
-0.1863565752583165,-0.25808123688199625
-0.19588076683782762,-0.23740899384911385
-0.20482561665196575,-0.23951857837278456
-0.20304396844679307,-0.25935082886349503
-0.2012623202416205,-0.2633537178608909
-0.2060091572423135,-0.26860137483966884
-0.19355023291803175,-0.2743960707934935
-0.19306734146610394,-0.24983389935090172
-0.1925844500141759,-0.2216619994509873
-0.19210155856224798,-0.24981385795631217
-0.19161866711031994,-0.2671312170835277
-0.19113577565839213,-0.25749396328902363
-0.195280259655368,-0.24903930360405002
-0.20014473699754287,-0.2549619911915034
-0.19887591946509575,-0.2613861691299363
-0.20312057002898187,-0.2620013792123368
-0.197754398469002,-0.25901217484355565
-0.19234417330834175,-0.25686896025244865
-0.19655596825384325,-0.22285499382967977
-0.20836971652123237,-0.2302117798458877
-0.21540057274603075,-0.24387613932291663
-0.21541516703944052,-0.2441748623824238
-0.2154297613328502,-0.2446913837793454
-0.2154443556262602,-0.24707813168046489
-0.21545894991966985,-0.25423860312694346
-0.21547354421307963,-0.2622040705894356
-0.21397689081007432,-0.23908829570409673
-0.212480237407069,-0.2292327880859375
-0.21496335921748988,-0.24384288882734761
-0.21094149927939143,-0.25341629863378423
-0.20691963934129287,-0.25673345309584883
-0.2028977794031943,-0.25945680532882465
-0.19887591946509575,-0.2582603188889536
-0.18810530631772937,-0.26477559407552087
-0.19723030828660537,-0.2425207640994248
-0.19887591946509575,-0.23548782880033425
-0.1929473876953125,-0.24905782671117072
-0.19887591946509575,-0.25947107723103235
-0.18200265207598287,-0.2725320692679182
-0.18131256103515625,-0.2551283954980954
-0.18253892467867938,-0.23259078448091575
-0.183839367282006,-0.24594761483111782
-0.192872078188004,-0.2643074301344839
-0.1863565752583165,-0.26947226453183304
-0.1770028145082535,-0.28027434847248134
-0.178313962874874,-0.2666140883716185
-0.16201253091135337,-0.23346736775108834
-0.1618544279305466,-0.23513125898826182
-0.16169632494973996,-0.2579688076949238
-0.1615382219689332,-0.25266922528470925
-0.16138011898812654,-0.2473696428744947
-0.16122201600731978,-0.21194875536866453
-0.16106391302651335,-0.2125023229798274
-0.1609058100457067,-0.23583878094877175
-0.16074770706489994,-0.2660360004178327
-0.16058960408409328,-0.22973663178249382
-0.16043150110328652,-0.2298005769897259
-0.16027339812247987,-0.22986452219695785
-0.1782369306010585,-0.22992846740419004
-0.17219851093907512,-0.2535413296068486
-0.18513722573557212,-0.23818506648884485
-0.18696532710906,-0.21384638696167602
-0.18818123109879037,-0.2229273402275731
-0.17885318879158263,-0.2560027013370647
-0.1758436387585055,-0.23409373724638527
-0.172120863391507,-0.22524557540665813
-0.18506105484501012,-0.21639741356693099
-0.20785399406187,-0.2447730676451726
-0.2155462695706275,-0.27238798378711904
-0.22537625220514113,-0.2475584419212531
-0.2303780586488785,-0.2439834822469683
-0.22292580143097906,-0.25951913102942314
-0.21547354421307963,-0.27795516436372825
-0.24619600849766887,-0.29387395298896146
-0.2621035422048261,-0.33388378845518496
-0.26707566784274206,-0.3430531060517724
-0.27204779348065766,-0.3246907855740827
-0.2770199191185736,-0.3437199379081157
-0.2758966384395476,-0.3739406149185712
-0.2747733577605218,-0.3893501319695468
-0.2736500770814957,-0.4047596490205224
-0.2725267964024697,-0.37979118385125155
-0.2714035157234439,-0.3942119541452892
-0.2702802350444178,-0.4078363067475125
-0.269156954365392,-0.41044908969556515
-0.2680336736863659,-0.4130618726436178
-0.26850300450478826,-0.40026506262632155
-0.26588378414031,-0.37988630456117845
-0.2517267042590726,-0.3910378223627954
-0.2533078347482989,-0.4129531632608442
-0.2567317101263231,-0.38948537342583955
-0.2642664755544355,-0.36728186156619247
-0.2680336736863659,-0.3723740459081546
-0.27330976916897687,-0.3919917623795087
-0.2577551564862651,-0.4144962747298663
-0.2610193067981351,-0.38465759884658735
-0.259933102515436,-0.3565550087696284
-0.25932127429593,-0.3614360752390392
-0.2538570280997984,-0.3815221833945507
-0.24835561936901462,-0.391998974244986
-0.24285421063823087,-0.3486545999251788
-0.238371079967868,-0.3336173290043921
-0.24557076731035787,-0.3375580441299363
-0.24703575872605843,-0.34865497949704605
-0.2485007501417591,-0.3688122194204757
-0.24996574155745965,-0.330940284539218
-0.2514307329731603,-0.30788979601504196
-0.2528957243888609,-0.3161015297049907
-0.2523459157636089,-0.33150683350824006
-0.24222564697265625,-0.3549153342175839
-0.24173638128465225,-0.3228500138467817
-0.24445761403729838,-0.29414177889847637
-0.2652777394940776,-0.3022240026673274
-0.2631859317902596,-0.3170310252934546
-0.24779092111895162,-0.33411221480488185
-0.2587770031344506,-0.30094416224541354
-0.2755005128922001,-0.286143212769162
-0.2755005128922001,-0.29781641414509485
-0.27654075622558594,-0.32207659821012125
-0.27758099955897175,-0.3440842509862796
-0.27862124289235757,-0.30525116422283116
-0.2796614862257435,-0.2994983730031483
-0.2723114259781376,-0.30806250121462997
-0.2500724792480469,-0.33513941219196985
-0.2529739872101815,-0.32755708457225596
-0.255875495172316,-0.283266893073694
-0.2587770031344506,-0.27719108619500155
-0.2723114259781376,-0.2917191234987173
-0.26047638923891125,-0.31792066583585976
-0.26863701112808724,-0.3278983955952659
-0.28281304144090225,-0.2891125275721005
-0.2769903777748026,-0.2885448398874767
-0.2711677141087029,-0.3052885900089397
-0.26534505044260337,-0.3300986977952036
-0.2637939453125,-0.3094329833984375
-0.25940802789503525,-0.2653206592768579
-0.2631502459126134,-0.2626890116070041
-0.2668924639301915,-0.27518550436295086
-0.2647687235186177,-0.296617726188394
-0.2626449831070439,-0.26943476283135104
-0.26588378414031,-0.26271421517898785
-0.2818299570391255,-0.25599366752662467
-0.2739080613659274,-0.28037387221606813
-0.2712447874007686,-0.3026371286876166
-0.2859485995384955,-0.26918265119713936
-0.284225586921938,-0.26736844950054417
-0.2825025743053805,-0.2821091988786536
-0.2807795616888231,-0.3003564331662002
-0.2817643688571069,-0.29275493716719136
-0.2817643688571069,-0.28515344116818253
-0.2916558788668725,-0.27164804638914797
-0.2964144060688634,-0.28278863252098885
-0.29326764998897425,-0.3016806834965796
-0.2838599912581905,-0.28912391472811727
-0.2871203268727949,-0.2765671459596548
-0.28861433459866437,-0.2536936138399798
-0.29731049076203375,-0.27229331856343286
-0.27330976916897687,-0.2983970072732043
-0.27443928872385337,-0.2906391656220849
-0.2859485995384955,-0.25103038579077275
-0.2968625714701991,-0.25810446668027054
-0.2968625714701991,-0.27314150985793684
